stepsize:0.5
0	0.507526	0.000413	4.9e-05
1	0.446328	0.000571	5.5e-05
2	0.335253	0.000699	6e-05
3	0.298616	0.000827	6.4e-05
4	0.19662	0.000957	7.2e-05
5	0.144626	0.001097	9.1e-05
6	0.113693	0.001224	9.5e-05
7	0.0917356	0.001351	9.9e-05
8	0.0562611	0.001479	0.000103
9	0.0331147	0.001606	0.000107
10	0.0355087	0.001732	0.000111
11	0.0363613	0.001859	0.000115
12	0.0521431	0.001986	0.000119
13	0.0578837	0.002113	0.000123
14	0.0547432	0.002239	0.000127
15	0.0440466	0.002376	0.000143
16	0.0326945	0.002517	0.000163
17	0.0223093	0.002664	0.000189
18	0.0177117	0.002805	0.000209
19	0.0157674	0.002948	0.000231
20	0.0148862	0.003089	0.000251
21	0.0144551	0.00323	0.000271
22	0.0141775	0.00337	0.000291
23	0.0139312	0.003511	0.000311
24	0.00506059	0.003939	0.000618
25	0.00520824	0.004069	0.000623
26	0.00426436	0.004196	0.000627
27	0.00293917	0.004322	0.000631
28	0.00300571	0.004455	0.000635
29	0.00322981	0.004582	0.000639
30	0.00199294	0.004709	0.000643
31	0.0022058	0.004835	0.000647
32	0.00247062	0.004962	0.000652
33	0.00233103	0.005088	0.000656
34	0.00164352	0.005215	0.00066
35	0.00106275	0.005353	0.000677
36	0.000746007	0.005485	0.000681
37	0.000563189	0.005612	0.000685
38	0.000536091	0.005738	0.000689
39	0.000468212	0.005868	0.000697
40	0.000346574	0.005995	0.000701
41	0.00022503	0.006121	0.000705
42	0.00016613	0.006247	0.000709
43	0.000155022	0.006373	0.000713
44	0.000118098	0.006502	0.00072
45	0.00010837	0.006628	0.000724
46	0.000120018	0.006754	0.000728
47	0.000119503	0.006882	0.000735
48	9.91601e-05	0.007009	0.000739
49	7.94014e-05	0.007135	0.000744
50	5.51825e-05	0.007273	0.000762
51	4.8552e-05	0.007523	0.000891
52	4.8216e-05	0.00765	0.000895
53	4.30907e-05	0.007777	0.000899
54	3.18559e-05	0.007903	0.000903
55	2.9955e-05	0.008029	0.000907
56	2.82783e-05	0.008155	0.000911
57	2.62518e-05	0.008284	0.000918
58	1.79717e-05	0.008411	0.000922
59	1.28485e-05	0.008556	0.000939
60	1.0883e-05	0.008687	0.000943
61	9.69275e-06	0.008818	0.000947
62	8.48239e-06	0.008949	0.000951
63	6.27161e-06	0.009083	0.00096
64	5.57358e-06	0.009215	0.000964
65	5.55807e-06	0.009342	0.000968
66	5.46535e-06	0.00947	0.000974
67	4.56954e-06	0.009596	0.000978
68	3.2244e-06	0.009723	0.000982
69	2.55412e-06	0.009851	0.000988
70	2.25183e-06	0.009978	0.000991
71	2.01862e-06	0.010109	0.001001
72	1.67646e-06	0.010258	0.001021
73	1.46524e-06	0.010394	0.001025
74	1.39971e-06	0.010538	0.001029
75	1.18414e-06	0.010724	0.001085
76	1.04511e-06	0.010888	0.001102
77	8.99843e-07	0.011043	0.001107
78	7.50359e-07	0.011199	0.001112
79	6.86657e-07	0.011355	0.001117
80	5.81281e-07	0.011494	0.001124
81	5.10093e-07	0.011623	0.001132
82	4.41346e-07	0.011751	0.001136
83	3.84928e-07	0.011892	0.001152
84	3.29161e-07	0.012034	0.001169
85	2.98021e-07	0.012162	0.001172
86	2.5461e-07	0.012311	0.001198
87	2.15823e-07	0.01246	0.001217
88	1.9261e-07	0.012592	0.001221
89	1.68325e-07	0.012739	0.001243
90	1.4913e-07	0.012882	0.001262
91	1.313e-07	0.013009	0.001266
92	1.16211e-07	0.013159	0.001293
93	9.70725e-08	0.013302	0.001312
94	8.74572e-08	0.01343	0.001315
95	7.61626e-08	0.013579	0.001342
96	6.56448e-08	0.013723	0.001362
97	5.90091e-08	0.013851	0.001365
98	5.21248e-08	0.014	0.001393
99	4.57404e-08	0.014143	0.001414
100	4.09163e-08	0.014271	0.001418
101	3.62344e-08	0.01442	0.001446
102	3.07523e-08	0.014564	0.001467
103	2.79149e-08	0.014693	0.00147
104	2.43568e-08	0.014841	0.001496
105	2.08377e-08	0.014984	0.001516
106	1.88793e-08	0.015112	0.001519
107	1.66179e-08	0.015261	0.001546
108	1.44522e-08	0.015388	0.001549
109	1.34228e-08	0.015524	0.001559
110	1.15164e-08	0.015679	0.001592
111	9.9606e-09	0.015806	0.001595
112	9.16138e-09	0.015947	0.001612
113	7.90277e-09	0.016095	0.001638
114	6.90742e-09	0.016227	0.001644
115	6.3256e-09	0.016369	0.001662
116	5.51038e-09	0.016519	0.001679
117	5.14011e-09	0.016655	0.00169
118	4.38909e-09	0.016796	0.001707
119	3.87736e-09	0.016939	0.001725
120	3.47836e-09	0.017076	0.001738
121	3.02671e-09	0.017319	0.00186
122	2.76675e-09	0.017448	0.001863
123	2.48195e-09	0.017637	0.001931
124	2.13312e-09	0.017765	0.001934
125	2.02516e-09	0.017893	0.001937
126	1.72344e-09	0.018025	0.001944
127	1.4741e-09	0.018158	0.001947
128	1.34594e-09	0.018286	0.00195
129	1.18794e-09	0.018414	0.001953
130	1.02079e-09	0.018551	0.001965
131	9.19269e-10	0.018679	0.001969
132	8.08842e-10	0.018827	0.001995
133	6.93587e-10	0.018971	0.002016
134	6.32015e-10	0.019099	0.002019
135	5.53116e-10	0.019249	0.002048
136	4.74698e-10	0.019396	0.002069
137	4.30628e-10	0.019528	0.002073
138	3.81381e-10	0.019676	0.002093
139	3.2819e-10	0.019821	0.002106
140	2.96189e-10	0.01995	0.002109
141	2.61942e-10	0.020094	0.00213
142	2.24721e-10	0.020237	0.00215
143	2.05049e-10	0.020365	0.002154
144	1.80111e-10	0.02053	0.002183
145	1.54328e-10	0.0207	0.002216
146	1.40105e-10	0.020853	0.00222
147	1.23506e-10	0.021024	0.002258
148	1.062e-10	0.02119	0.002289
149	9.62398e-11	0.02133	0.002292
Communication times: 1192
