stepsize:0
0	0.507526	0.000439	1.1e-05
1	0.432966	0.000585	1.6e-05
2	0.308711	0.000723	2e-05
3	0.241383	0.00086	2.4e-05
4	0.20616	0.000994	2.7e-05
5	0.162365	0.001127	3.1e-05
6	0.131688	0.001278	3.5e-05
7	0.101951	0.001422	4e-05
8	0.0706228	0.001565	4.4e-05
9	0.0460872	0.001708	4.9e-05
10	0.0309824	0.00185	5.4e-05
11	0.0330756	0.001993	5.8e-05
12	0.0366254	0.002135	6.3e-05
13	0.0400619	0.002278	6.8e-05
14	0.0419137	0.002431	8.2e-05
15	0.0410947	0.002574	8.7e-05
16	0.0361984	0.002716	9.2e-05
17	0.0317167	0.002859	9.7e-05
18	0.0267558	0.003005	0.000106
19	0.0214564	0.003151	0.000115
20	0.0170647	0.003301	0.00012
21	0.0136909	0.003433	0.000124
22	0.0114316	0.003564	0.000128
23	0.00962121	0.003698	0.000136
24	0.00726044	0.003833	0.000145
25	0.00544403	0.003964	0.000149
26	0.00428858	0.004096	0.000153
27	0.00340946	0.004227	0.000157
28	0.0026846	0.004358	0.000161
29	0.00205476	0.00449	0.000165
30	0.00166852	0.004622	0.000169
31	0.00141751	0.004754	0.000173
32	0.00123118	0.004885	0.000177
33	0.00105676	0.00502	0.000185
34	0.000896544	0.005154	0.000192
35	0.00075963	0.005289	0.000197
36	0.000641709	0.005421	0.000201
37	0.0005505	0.005553	0.000205
38	0.000468846	0.005687	0.000212
39	0.00039953	0.005822	0.00022
40	0.000338977	0.005953	0.000224
41	0.000286144	0.006084	0.000228
42	0.000247492	0.006216	0.000232
43	0.000214812	0.006349	0.000239
44	0.000184433	0.006483	0.000247
45	0.00016137	0.006615	0.000251
46	0.000143056	0.006757	0.000255
47	0.000127208	0.00689	0.000259
48	0.000114396	0.007025	0.000267
49	0.000102476	0.007155	0.000271
50	9.25902e-05	0.007289	0.000278
51	8.33938e-05	0.007421	0.000283
52	7.44966e-05	0.007552	0.000287
53	6.6466e-05	0.007684	0.000291
54	5.91255e-05	0.007818	0.000298
55	5.18985e-05	0.007949	0.000302
56	4.6401e-05	0.008081	0.000306
57	4.12945e-05	0.008214	0.00031
58	3.6951e-05	0.008346	0.000314
59	3.30104e-05	0.008478	0.000318
60	2.92505e-05	0.008609	0.000322
61	2.63105e-05	0.008741	0.000326
62	2.34698e-05	0.008878	0.000335
63	2.07048e-05	0.009009	0.000339
64	1.84051e-05	0.009141	0.000344
65	1.61685e-05	0.009283	0.000348
66	1.44336e-05	0.009416	0.000352
67	1.27726e-05	0.009548	0.000356
68	1.14159e-05	0.009679	0.000361
69	1.01902e-05	0.00981	0.000365
70	9.23373e-06	0.009942	0.000369
71	8.2218e-06	0.010075	0.000376
72	7.44637e-06	0.010207	0.00038
73	6.64812e-06	0.010339	0.000385
74	5.86227e-06	0.01047	0.000389
75	5.30663e-06	0.010602	0.000393
76	4.74523e-06	0.010734	0.000397
77	4.24346e-06	0.010865	0.000401
78	3.84393e-06	0.010996	0.000405
79	3.45823e-06	0.011127	0.000409
80	3.10825e-06	0.011258	0.000413
81	2.85009e-06	0.011389	0.000418
82	2.58177e-06	0.011522	0.000425
83	2.36376e-06	0.011653	0.000429
84	2.1083e-06	0.011784	0.000433
85	1.90531e-06	0.011916	0.000437
86	1.74722e-06	0.012047	0.000441
87	1.5612e-06	0.012178	0.000445
88	1.42389e-06	0.01231	0.000449
89	1.29042e-06	0.012442	0.000453
90	1.18214e-06	0.012575	0.00046
91	1.06831e-06	0.012706	0.000464
92	9.67304e-07	0.012858	0.000468
93	8.76936e-07	0.013016	0.000472
94	7.90831e-07	0.013169	0.000476
95	7.16396e-07	0.013331	0.000482
96	6.48013e-07	0.013484	0.000487
97	5.89121e-07	0.013643	0.000496
98	5.32133e-07	0.01381	0.000503
99	4.85395e-07	0.013968	0.000508
100	4.40606e-07	0.014134	0.000518
101	3.97979e-07	0.014287	0.000523
102	3.6441e-07	0.014418	0.000527
103	3.31412e-07	0.014548	0.000531
104	3.02658e-07	0.014681	0.000539
105	2.76325e-07	0.01481	0.000542
106	2.49815e-07	0.014939	0.000545
107	2.2759e-07	0.015067	0.000548
108	2.08357e-07	0.015195	0.000551
109	1.85895e-07	0.015326	0.000554
110	1.69655e-07	0.015455	0.000558
111	1.53941e-07	0.015583	0.000561
112	1.37746e-07	0.015711	0.000564
113	1.25512e-07	0.015839	0.000567
114	1.14624e-07	0.015967	0.00057
115	1.02363e-07	0.016095	0.000573
116	9.36002e-08	0.016223	0.000576
117	8.52466e-08	0.016351	0.00058
118	7.63811e-08	0.016478	0.000584
119	6.98307e-08	0.016605	0.000587
120	6.38697e-08	0.016733	0.000591
121	5.70546e-08	0.01686	0.000594
122	5.22047e-08	0.016989	0.000598
123	4.75401e-08	0.017116	0.000601
124	4.25897e-08	0.01725	0.000604
125	3.8942e-08	0.017387	0.000607
126	3.56261e-08	0.017515	0.00061
127	3.18233e-08	0.017647	0.000613
128	2.92818e-08	0.017781	0.000617
129	2.66818e-08	0.017917	0.00062
130	2.46206e-08	0.018054	0.000624
131	2.19651e-08	0.018183	0.000633
132	2.00996e-08	0.018305	0.000636
133	1.83979e-08	0.018427	0.000639
134	1.62964e-08	0.018549	0.000642
135	1.49587e-08	0.01867	0.000645
136	1.35827e-08	0.018792	0.000648
137	1.25166e-08	0.018913	0.000651
138	1.12062e-08	0.019044	0.000658
139	1.03589e-08	0.019167	0.000661
140	9.4263e-09	0.019288	0.000664
141	8.42731e-09	0.019411	0.000667
142	7.78477e-09	0.019532	0.00067
143	7.05995e-09	0.019654	0.000673
144	6.3213e-09	0.019775	0.000676
145	5.82161e-09	0.0199	0.000682
146	5.30806e-09	0.020022	0.000685
147	4.76596e-09	0.020143	0.000688
148	4.37803e-09	0.020265	0.000691
149	4.00133e-09	0.020386	0.000693
150	3.60232e-09	0.020508	0.000696
151	3.31006e-09	0.020629	0.000698
152	3.03089e-09	0.02075	0.000701
153	2.73733e-09	0.020871	0.000704
154	2.51544e-09	0.020993	0.000707
155	2.30586e-09	0.021114	0.00071
156	2.08508e-09	0.02124	0.000713
157	1.91546e-09	0.021362	0.000716
158	1.75643e-09	0.021484	0.000719
159	1.62348e-09	0.021606	0.000722
160	1.45578e-09	0.021731	0.000729
161	1.3343e-09	0.021852	0.000732
162	1.22126e-09	0.021974	0.000735
163	1.1274e-09	0.022095	0.000738
164	1.00242e-09	0.022221	0.000745
165	9.13046e-10	0.022342	0.000748
166	8.36103e-10	0.022464	0.000751
167	7.72593e-10	0.022586	0.000754
168	6.84501e-10	0.022711	0.000761
169	6.25599e-10	0.022833	0.000764
170	5.73326e-10	0.022954	0.000767
171	5.2924e-10	0.023075	0.00077
172	4.69079e-10	0.023201	0.000776
173	4.28512e-10	0.023325	0.000779
174	3.92197e-10	0.023458	0.000782
175	3.49354e-10	0.023581	0.000785
176	3.19352e-10	0.023703	0.000788
177	2.90906e-10	0.023824	0.000791
178	2.61094e-10	0.023946	0.000794
179	2.39651e-10	0.024067	0.000797
180	2.18991e-10	0.024189	0.0008
181	1.96896e-10	0.02431	0.000803
182	1.82277e-10	0.024432	0.000806
183	1.66463e-10	0.024554	0.000809
184	1.54786e-10	0.024675	0.000812
185	1.38302e-10	0.024799	0.000817
186	1.2783e-10	0.02492	0.00082
187	1.15853e-10	0.025042	0.000823
188	1.03047e-10	0.025167	0.000826
189	9.50067e-11	0.025289	0.000829
Communication times: 1662
