-5.731243960367177204e-02
3.133540831644634039e+00
-7.953834944886056801e-01
-7.678937971795990691e+00
2.856498956355889351e+00
-2.179144942893953552e+00
-2.218028020031072245e+00
3.657883786170325280e+00
-3.368553959564607236e+00
-3.806293467995299995e+00
-4.966135198308774812e-01
-9.256748113617738749e-01
2.198068551030920137e+00
3.105595565677088832e+00
2.591542515955264303e+00
8.654632531111400295e-01
-3.626956760862213525e+00
2.350814830506589903e+00
3.701147348136853310e+00
7.535728965632919607e-01
-1.340790983611703513e-01
-2.850069256293610298e+00
2.579335550340020600e+00
-7.404107490339533193e+00
-4.243144993929613973e-01
6.349367902289947407e-01
1.428375535900005655e+00
9.526160865386039678e-01
2.050980188733048659e-01
-5.212996840632773132e-01
8.483975301691852877e-01
2.762539700437584012e-01
1.272829182262765313e+00
2.279004794799590616e+00
2.078376585000728305e+00
1.008873088783132532e+00
-3.711289002623845423e+00
1.903002469105022243e+00
-7.132787847273084347e-01
-2.104662701487870713e+00
6.535978476553980343e+00
-4.594642341594397550e+00
1.256949683295772724e+00
4.424539364067130442e+00
-2.713965599813165319e+00
-5.522546168401000877e+00
8.872070779240480709e-01
-1.040748414340728414e-02
5.813712363262024674e-01
-2.819725979267570182e+00
