3.683574667684970660e-01
-2.871468170748107340e+00
1.720608032880773353e+00
4.315767866896129235e+00
3.987490924252424129e+00
-2.779423450071113688e+00
3.922693421383281365e+00
-2.532610224588853765e+00
2.595908738281732742e+00
-4.045766727911816574e+00
7.173571542889987107e-01
1.053357327802495691e+00
-2.743418701136794979e+00
2.227888316749372155e+00
7.288425769724164560e+00
2.017923956516695316e+00
-6.947063837448465007e-01
-3.368885154284011474e+00
2.944429580913956457e+00
4.949395438950832116e+00
2.409214223006920452e+00
2.847389377103695107e+00
-2.061400442684131473e+00
3.642864142249913062e-01
3.862903943440249233e+00
-2.590732522769213286e+00
-2.845373505401933567e+00
-1.032370051160449220e+00
2.480787220371075907e+00
-1.032889595504794755e+00
2.735219077133704602e+00
-1.905901597255201807e+00
9.171985647206615244e-01
3.995420987167092708e+00
7.111522217379711019e-01
-5.259930576425730919e-01
4.746149300540290494e-01
1.395009727944956257e+00
1.539407654287450411e+00
4.643809599973991453e+00
5.588947653285865513e+00
-8.094975133307412418e-02
1.959631656797509613e+00
1.986116887814666221e+00
-9.501359193495827471e-01
1.291814858327650528e+00
-5.339046288534836648e+00
-3.472965610230062339e+00
-3.779415270476433442e+00
-3.013332038214146191e+00
