-1.359837397369281081e-02
1.397424754592200946e+00
-1.776680879651817702e-01
-4.005229662293290360e+00
2.066591662248676631e+00
-1.824638839980042837e+00
-2.293062255566183261e+00
-2.024153090505917518e+00
2.802880991196884386e-01
3.471641745223734421e-03
-4.249486037513439562e+00
1.867530468237808661e+00
5.185654158584935836e-01
-1.418930847381576488e+00
-3.938230907512537682e-01
-9.784940618207667029e-01
-5.633144115365865012e+00
3.716726094003123482e+00
-2.956819307658844931e+00
8.126793051923612010e-01
2.712039265204303717e+00
-5.525393221010272971e-01
-1.576440974839705689e-01
3.223888514899843294e+00
-6.760763887350523804e-02
1.728530891469486130e+00
7.731727492186053485e-01
-8.369455747514328303e-01
-1.618217312920395071e-02
-7.936356869360449373e+00
-1.763820491074368668e+00
1.984941893968667159e+00
-2.178342551543283712e+00
2.949874386863445830e-01
-2.237897185568512359e+00
-2.478441523293159587e+00
2.841052334930537437e+00
-1.690591025389621693e+00
7.441839570540861537e+00
1.925815963108262752e-01
1.627727023058713529e+00
1.833686763817663268e+00
-2.212607074891496328e+00
6.280472971000844451e-01
-4.760474584229699602e+00
4.998046788934549789e-01
-3.226200474269339757e+00
-4.189361546606504838e+00
2.920122069521715602e+00
-1.193085188450667911e+00
