1.849451005027621608e+00
3.092329735333259055e+00
-2.875555287705603646e+00
2.152653052335045558e+00
-2.442730809083246690e+00
-1.018056016553215537e+00
-2.288644616663334741e+00
-2.559661523351385082e+00
2.920325106355408540e+00
6.500731866170856854e-01
-1.664299068528655390e+00
-3.926187727990629872e-01
2.827317753929115884e+00
-1.146295694542124322e+00
-5.978162730664375590e-02
7.400348029655996029e+00
1.315271416955224426e+00
-7.692623455439571156e-01
-1.137846514403539899e+00
-3.461792478585550836e-01
-1.234280732802624847e+00
7.020695216534524885e-01
2.614264524831749981e+00
-6.248992449972158303e-01
-4.918681430035936941e+00
-3.761933019533268308e+00
1.010692556207408721e+00
-1.639291019872897603e+00
1.338631641357677649e-01
3.689534719954650210e+00
1.920683988706836320e+00
8.208365495099306131e+00
-5.532583896542282886e+00
-1.285763259416329296e+00
-3.346891877573166418e+00
1.040665711784213077e+00
9.310987985033943870e-01
-2.286338358689823824e+00
-2.551253950282208471e+00
4.599488700272571506e+00
1.105733154807602814e+00
3.600411811337301149e+00
-1.132310288051635139e+00
1.541789929330146469e+00
2.047984276251404001e+00
1.533355461240809348e+00
9.080054301257309279e-02
-4.753447520243746283e+00
2.067458405377341213e-01
4.207452545487012863e+00
