-1.466936484048580569e+00
-6.675342819873218980e-01
3.513550477393657889e+00
-3.336525224946059076e+00
-6.164050098711080672e+00
1.404682509085378062e+00
3.020395261121607167e+00
-7.530007167947420088e-01
1.079788087921082357e-01
-5.350614879218367648e+00
-3.656666816219791727e+00
-2.035506528540775850e+00
4.197449704482275612e-01
-4.624651207248111628e-01
-3.290333837325495892e-02
-4.526849825596432453e+00
7.194313442418106552e-01
4.740914011149081619e-01
3.420851963466057022e+00
-2.242104951462349671e+00
-6.830670191649085510e+00
4.300042321118259459e+00
-3.360431574972961855e+00
-1.414483926241201006e+00
4.449735422682236097e-01
-2.146986679996877090e+00
-2.120545404405947743e+00
1.111455431657721649e+00
2.075433247283777205e-01
5.742216124613104267e-01
-2.354575597661108688e+00
-1.849924869324529375e+00
-9.911407998335245439e-01
-2.697291683148746788e+00
1.726413552956211461e+00
1.197463244273119010e+00
1.218287203630391557e+00
2.820825207283932379e+00
1.361051487645032587e+00
-6.866537362274063305e-01
2.152053433803019722e+00
3.896776084081375213e+00
-2.516276535945069170e+00
-6.295266967501408351e-01
1.651187873191711120e+00
4.767628613397977277e-01
-8.346692462299487580e-01
1.396176922704929879e+00
-5.039660516405361612e+00
-2.215133555730708803e+00
