7.231245964939395643e-01
2.059128572850902616e-01
-2.152652180286878547e+00
-1.611854706374254709e-01
9.232534996929928628e-01
-2.544440402650474109e+00
2.086328146447956611e-01
2.440670718944322470e-01
-3.502034898469187585e+00
-1.646821491576884733e-01
-9.155077973098640909e-01
-2.077853355294632109e+00
8.298112952326417435e-01
-1.129332385839716846e+00
1.265735574507351746e-01
3.199504900293829168e-01
-1.204680937043099220e+01
-2.494098436721241985e+00
4.087433375387090617e-01
-2.546207926960388779e+00
-2.295628292269550119e+00
5.379904919635297489e+00
-9.669967125198690727e-01
-2.989824915950639372e+00
-4.561749065793097913e+00
-5.579477043729367258e-01
1.190082468602685184e+00
-8.143888456850401525e+00
5.161179456781615826e+00
3.263960920635605500e+00
4.318792417599497391e-01
9.138013038291616930e-01
5.258249245124697602e+00
4.785019756570443872e-01
1.540717015465486117e+00
1.283264901049504969e+00
-2.260520441053964102e+00
2.207417085836443693e+00
-2.445922676369174820e+00
-2.366572289894414816e+00
4.377032800678014368e+00
-3.376479945481031919e+00
-4.233004221443267490e+00
-1.797028329846992456e+00
3.606821500641804956e+00
-2.466211744044401535e-02
-8.905529695591021255e-01
3.243581717313476886e+00
-2.090448569066254869e+00
-2.605914901911533743e+00
