-2.194836565669770145e+00
3.744667952898356744e-01
1.372683446552976916e+00
7.668896742039442438e-02
1.107143065443897845e+00
-4.121352152476885244e+00
3.689920855261069388e+00
4.641898245043795335e+00
-8.340288720982276249e-01
-2.964399690563854328e+00
2.272438423909334926e+00
-4.653164294794607247e-01
1.348914347989347062e+00
1.129525665748651209e+00
2.576871311617899618e+00
-3.961797904529882786e+00
-1.729037325019627147e+00
-9.421568016944661395e-01
6.412850308789124210e-01
-3.438000382388580967e+00
6.158787444318589266e+00
-1.678672552498649662e+00
2.029275537557594156e+00
3.685926045077228430e+00
3.116227700284234903e+00
2.767545458229209387e+00
1.111106658123107271e+00
-4.241364061591949230e+00
1.196592868133143472e+00
1.881839865528680988e+00
-3.881701233868837808e-01
-2.033807462807099675e+00
1.178160916238462530e+00
-1.549361355037327526e+00
-2.582826378029003500e+00
-4.080825361473543467e+00
-2.672662553533395879e+00
-1.690739191455645107e+00
-7.193742717074468329e-01
1.365586633819349527e-01
2.012707464721181783e+00
-1.798523284564654157e+00
1.328197135306363741e-01
2.258722495555618437e+00
1.613485870911327558e+00
-7.086986756197806436e-02
2.045324708799441282e+00
-2.462154097728684654e+00
2.341724711603298203e+00
-1.804012811603168842e+00
