-1.289150669379521386e+00
4.920553831638026232e-02
3.849808390206988395e+00
-1.852623678470015189e+00
-5.977441413514345214e+00
-2.964634847531247619e+00
-6.217250184558907877e-01
-1.744253907579476737e+00
-6.599625347608126802e-01
-8.176133568215031566e-01
1.650839009726197348e+00
-6.955326620898756307e-01
-1.690515694905253552e+00
2.076568730625002746e-01
-4.628327097823748737e+00
-1.175018370548076840e-01
-2.188036392477771930e+00
1.072480711350845134e-01
3.346806993112653394e+00
1.947662681538928076e-01
-9.710846921046598634e-01
-3.415350500195792449e+00
-3.984344188640728035e+00
1.574617222393467131e+00
-1.940616779704212425e+00
5.399987398777763570e-01
-3.448453768000151687e+00
4.412819138132356933e+00
6.333502146189488036e-01
2.824684981527465055e+00
1.765382050557573690e+00
2.049120303037876401e+00
-3.144088058474240555e+00
-1.047371528776982252e+00
-5.193198078218943969e+00
2.786313052370979482e-01
3.948961154727070877e+00
1.829685336205299828e+00
7.591042869894695233e-01
-1.046841202975710816e+00
3.032403015422110437e-01
-2.362981242264527548e+00
1.351907763414148977e+00
2.867044331370481314e-01
2.128407527144794198e+00
2.183470607162980581e-01
6.191166406581837256e-01
7.834461175110840614e+00
-9.557473843546824277e-01
4.716797626355969442e+00
