-1.326411578278473336e+00
1.647623689780355782e+00
-2.197772251148135680e+00
-2.649934700196732162e+00
-2.050254823646827429e+00
3.895018590865178432e+00
-2.718135843298295384e+00
-1.674214452787089913e+00
4.287758755529715415e+00
2.387770116413912902e+00
6.156339702428110794e-01
2.870108953610967628e+00
-1.075473900455764520e+00
8.938952950770459038e-01
1.040010574302510760e+00
-3.292811650146395402e-02
-1.691100206093994196e-01
1.715522560332959578e+00
2.417880390062365326e+00
-1.161885954289904488e+00
-3.765443439075138343e+00
2.878046602336241655e+00
-1.600170509125590709e-02
5.313268607801703292e-01
-4.306228325624661402e+00
3.458070127046676934e+00
1.012812611227647874e+00
-4.033083238638511148e+00
-1.272205915164823287e+00
2.741653732124196718e+00
-1.314927786736474591e+00
-2.881595546269548613e+00
-8.095094714831941873e-01
-4.629772477003297304e+00
-3.207377027453853113e+00
4.397633164497615210e-01
-4.274803763448473681e+00
1.408210811300802279e+00
-4.867115146131499870e+00
-5.713059744531540751e+00
3.459707906551001133e-01
-8.916817240764519648e-01
-1.305426726223166023e+00
-7.213105251609583934e-01
6.039044655802464412e+00
2.075171392360032563e+00
5.532720000184493614e+00
-8.658790052227145484e-01
3.998943877290397353e-01
5.085242039119750146e+00
