-1.349738881913690458e-01
-2.561671416512404598e+00
-1.895128204778681047e+00
1.255431957623472483e+00
6.714529760446351636e-01
-1.054763402323422694e+00
-2.714239274133489754e+00
-2.201798559700164137e+00
-7.570454809733455637e-01
1.719032777955905589e+00
1.293650022490053508e-01
-2.382005889865297377e+00
-2.052027135772501509e+00
-2.697719822102656817e+00
-2.213811909514706855e+00
-7.048944688351954646e-01
3.648363864972839821e+00
5.658181587387247191e+00
-2.243220146868811327e+00
2.156358267989058941e+00
-2.081385179385486062e+00
-3.541466702593354388e+00
-2.110296620879519025e-01
2.155106954442562284e+00
7.008976515083190861e+00
4.040074543887534730e+00
-1.496216144238382784e+00
-1.093842243891255839e+00
3.150409699289919985e+00
1.655064294942313996e+00
3.777886979665332046e+00
1.356323835554205770e+00
-2.724933675540773148e+00
7.667663540623985696e-01
6.002692615396906461e+00
-2.218180114078315945e+00
7.539523237369608055e-02
5.321577295685036013e-01
-1.955869836587827537e+00
-1.607752229929770627e+00
-1.684716291020622592e+00
-1.023744324203945399e-01
-4.689449185549399601e+00
1.773347953546161371e+00
1.098127559952998045e+00
-1.804076957505880985e-01
3.024531106207097420e+00
-3.230543597950339851e+00
2.982080438423567070e+00
-4.674911868021338179e+00
