1.284204264860634437e+00
1.078093136297878951e+00
-3.310891022208781287e+00
3.265362783759632404e+00
4.114493047932751280e-01
6.660647286350573459e+00
-3.458979596979486759e-01
3.834410873779563467e+00
2.761678388436195064e+00
3.838095664560150500e+00
1.193584583390596920e+00
-1.775759137991757219e+00
-1.227051256387377887e+00
-7.470577729800655931e-01
2.403381522982884100e+00
-8.289077111976034251e-01
3.058081567917192434e-01
4.377271888170210623e+00
-6.387588275633635959e+00
1.974875001272546893e+00
-1.632930904222136270e+00
3.958112753338128620e+00
3.229494945984563881e+00
4.519366711441493933e+00
-8.346244819950578986e-01
-2.086867453527271099e+00
1.366480217975965417e+00
-1.304989261067224016e+00
3.428427345871247311e+00
4.045888706359869857e+00
3.276394521350602052e+00
3.331944814216634576e+00
2.606080841507422807e+00
-3.332900038895251438e+00
2.112705946381569166e+00
-2.739943626727387116e+00
3.375826440041304277e+00
-2.097990586393424284e+00
2.689222224048982035e+00
-1.311016120742968027e+00
-2.625200042302119563e+00
1.831644803843894831e-01
3.632860775397213970e+00
-4.965662835766548433e+00
2.419368486321931133e+00
3.324424200832037268e+00
-8.742905263310392361e-02
1.001135125115924618e+00
-2.904257929748483402e+00
2.402913704208816892e+00
