-8.227391125046910059e-01
2.420300554120239589e+00
-5.139761989276371568e-02
-1.717068897130600291e+00
4.209052450608805174e+00
1.046370519603412319e-01
-3.354989062188586946e+00
1.741919513270996811e+00
4.071056979113655827e-01
2.407604363810171400e+00
-1.554758109086581852e+00
-2.923805360632604877e+00
-3.563318047741504402e-01
5.695390744649536430e+00
-1.852128516971452976e+00
3.880452146030770155e+00
-1.595647061657802235e-01
3.306472180966317786e+00
1.662944697453594967e-01
-7.940217743744685031e+00
-1.534102832470355393e+00
-6.641121855672499352e-02
-5.835822143548576868e+00
6.147504732768415359e+00
3.017099007064307781e+00
-6.060553450303444167e-01
3.119993527397824984e+00
-1.193209425041657390e+00
2.210466294160001510e+00
2.667084518005240046e+00
-5.473177832085163175e+00
2.586421992959320626e+00
-3.523093609276359395e+00
3.270405166947047526e+00
-5.086938834677615873e+00
-1.940382166222409110e-01
1.561754066046566747e+00
-4.938240160744644114e-01
-3.421644190009506925e+00
3.973432950237962835e-01
-2.034518679836752331e-01
-2.683002827674866864e-01
3.306081194081308183e+00
1.047071249734942588e+00
2.300936737450870240e+00
-6.697357564389508355e-03
2.203561587452016468e+00
-7.993067861600794410e-01
1.814847554471879620e+00
-5.987764323728694826e+00
