2.403667215380346223e-01
3.143815061774449582e+00
1.788901352337033679e-01
-1.768052393860184868e+00
1.411270780126934854e+00
-1.129498847269831074e+00
-3.759094618429840384e+00
-1.673504434910785044e+00
6.151957597382559095e-01
-7.421633910447454630e-02
-2.336896361375990772e+00
-3.731158636599387624e-01
2.253389106757729632e+00
-8.762240863879003916e-01
-7.188891977134058697e-01
7.778368690474644076e-01
7.660578543262897000e-01
-1.840955660199756316e+00
2.797576121912122016e-01
2.483555406976884150e+00
4.452541825477140947e+00
-1.858842867332563209e+00
-1.677782816193088999e+00
4.736716396632230375e-02
2.090709473620039560e+00
-1.468384477816513822e+00
-1.909751963128036856e+00
3.125607921922608501e+00
-1.115882985438371611e+00
-7.950151541591330417e-01
-1.959073175234860020e+00
3.543593769902804169e+00
8.520956852997185749e-02
-2.921227838063693127e+00
1.765044114663472996e+00
1.427141460609947732e+00
-2.776470772437620749e+00
-8.782871127548836920e-01
4.465710228177336427e-01
-3.516959221378151978e-01
-1.519858720854856626e+00
-9.270718042571981510e-01
-6.048137898306797933e-01
5.695359701128860364e-01
-5.801105249569167288e-01
-8.454245863067959554e-01
1.955008223139777179e+00
-1.399957171650372478e+00
4.151986739805644255e+00
1.803072210685002119e+00
