-1.058586540422811861e+00
1.212630000430111599e+00
1.952608843678674599e+00
-1.894535972078484676e+00
-3.767031247142607953e+00
-5.271501673918332909e-01
-3.665448465220627616e-01
-1.394535858583889620e+00
5.340024480045326705e+00
-2.513440902952454703e+00
-2.954051096568425794e-01
7.601215584895185673e-01
-1.541184221427557510e+00
3.369491216408891709e+00
-1.127806660679498002e-01
-2.168174084898264020e+00
1.987097761043697064e+00
3.696594967247583075e+00
-4.859204565943801235e+00
-2.080332812104049189e+00
-1.888095695054653911e+00
-2.767323867023543826e+00
-2.009976803793662281e+00
1.785358078974848439e+00
1.835009878272942263e+00
-9.179502010604931872e-01
-3.529257149908744839e+00
2.935535994541840221e-01
-1.964627870507061225e+00
-7.829522761432560207e-01
4.679303196864038838e+00
-8.483129284589879804e-01
-4.891989221962216305e+00
1.062313567392326963e+00
1.953617188409215277e+00
-1.082138080812136138e+00
-3.149083642156119467e+00
1.799089844571005292e+00
-2.757398797566119608e-01
-3.551234868543158729e+00
2.135645115340548017e+00
-5.219447301901364078e+00
1.315376822608400165e+00
5.971735927928475407e-01
2.546462433748896803e+00
-3.474652139406455564e-01
-5.638685936276546684e+00
8.662571222896017886e+00
4.214673571936559671e-01
-1.656892881155047403e+00
