-4.360012673878680967e-01
-5.468828393531715903e+00
-3.895589304881025283e-01
-4.053887025410053191e+00
-4.327390646282888831e+00
8.580339797333906837e-01
-8.765148064499308500e-01
-6.700438119888073807e+00
-9.417234638959805226e-02
5.051623310079217610e+00
9.179085678838644347e-01
-1.976197979709462649e+00
9.923916608354927948e-01
2.575278098559242945e+00
1.431476724988848037e+00
1.461441182085053470e+00
8.775306746217791387e-01
-4.943673243583481813e+00
2.686745902242857920e+00
-5.993213545078729387e-02
3.081517806829279671e+00
-8.884220485930783839e-01
-3.286507244655502813e+00
-3.376523595991293369e+00
-1.703165662682565973e+00
4.549279440244780481e+00
-2.379835536912617011e-01
-3.646726876631471104e+00
2.915479147957654948e+00
1.130576809111266456e+00
3.496759783215078965e+00
4.589687255409052313e-01
3.412320716116692965e-02
-2.675111238038271111e+00
2.428321703624670036e+00
-1.373441809688321635e+00
1.551885090444796944e+00
2.495162681827899132e+00
-2.953875224929100263e+00
-3.599562008530665658e+00
2.183693630647338679e+00
4.648148586002889715e+00
-1.015923700833159860e+00
-2.358345123044802705e+00
1.498200111410163515e+00
2.182089828764906869e+00
-5.081022895272128359e+00
-1.512604639752186619e+00
-5.840658288605617088e+00
2.398398977844174329e+00
