8.157187243387570286e-02 1.492005781544196497e+00 -1.069158064310709477e+00 4.895690253835272010e-01 -9.806644123337974195e-01 7.608778457893600189e-01 -1.795965972119687587e-02 1.154232883452934733e+00 -1.417038706000363302e+00 9.266561917310497387e-01
-1.409308789274371643e+00 -2.259115825664964883e-01 -1.242877591068197507e+00 1.652257263568716050e+00 -3.485189432729662862e-01 -8.192780249759946676e-01 -1.496094812032296995e+00 7.988683095194398787e-02 3.845514424705260836e-01 1.627054578282962849e+00
1.147004562673794803e+00 -6.719426524701747894e-02 1.010855651475763395e+00 1.824640299574028290e+00 -5.934053714438857208e-01 -1.074256691631245264e+00 1.293889764707273793e+00 -3.958039697563576764e-01 -3.394250168761704933e-01 8.253980124517259487e-01
-9.279373963046764207e-01 -2.575542562360824683e-01 -6.530922682456016815e-02 -9.191754401478202663e-01 -2.978460846753454641e-02 1.716079710876403652e-01 -8.627608896836264085e-01 -1.233309836352722177e+00 4.274589811592134359e-01 -9.479477937532367060e-02
-3.725758458841922360e-01 -3.210533779111125474e-01 -7.124905147073338219e-01 -4.143812502885547977e-02 -5.239744198504746597e-01 4.880456014848408852e-01 8.178618225712023238e-01 1.496982406287835854e+00 -8.478624145430692094e-01 -8.372628619756113943e-01
2.941147013272152666e+00 6.813744480211589849e-01 -8.542289346512959014e-01 7.878797949878898477e-01 -9.965298411082684771e-01 4.303465912060646104e-01 -7.423530754938229004e-01 5.039278422023264481e-01 -5.780829658429543771e-01 1.203019649351193543e+00
-1.829709808043983310e+00 6.913228742488702894e-01 -9.801800741747308532e-01 -1.052125568118716797e-01 7.274840431020425102e-01 6.539145580922839374e-01 1.012586253768701150e+00 -4.966841073801854800e-01 1.208413676294274985e+00 2.244039777408147196e-01
-1.106586726244852326e+00 1.446441945668921480e+00 1.392056388586850657e+00 -4.003153095656063476e-01 -1.885203142720172365e-01 2.713234417268673981e-01 1.879506179750014994e+00 2.604718953070456755e-01 1.319244989154028325e+00 -3.639950832274250203e-01
1.016463056337046478e+00 -1.732182570979388936e-01 2.263187866126830372e-01 -4.563762359649514155e-01 5.411971302731030109e-01 5.551167007915389640e-01 1.492238304065189425e+00 6.071730335310828730e-01 5.413337088284845278e-01 1.824093007331369087e-01
6.786208810386138435e-01 1.942947603545817220e-02 6.430416267122306406e-01 -8.073687533575832354e-02 5.975568401852815459e-01 -5.185651705024070246e-01 2.564459016241730782e-01 2.059002701798300805e+00 -8.355180086006070983e-01 5.466538229104698360e-02
4.256600884426731679e-01 -4.568839545103454691e-01 -5.141434211958468836e-01 -1.754576261377326085e-01 -1.181172099919237439e+00 1.810201889923013896e+00 9.935575973360272206e-01 -1.352074834050102980e+00 -1.174107409932368284e+00 -7.208453437356034943e-01
1.147200209806666038e+00 -2.396312215685411917e-01 -6.717722224658726482e-01 1.744733114762910819e+00 -3.362900979850739214e-01 1.317065126435329192e-01 -4.150904584562644106e-01 4.582646999167048207e-01 -7.659619891880555809e-01 -1.427845328884662868e+00
-1.422978298196538316e-01 -1.664097985168520477e+00 -3.887111900399221054e-01 9.866438775947801165e-01 8.380401135567718818e-01 -1.372507330660222902e+00 3.165560798281460975e-01 2.072872350366073757e+00 1.318574812779650163e+00 -1.110124067266046732e-01
1.035430577188859863e-01 1.442071330932298556e+00 1.237470510358292808e+00 1.168225874350421689e+00 2.745452520302937294e-01 -1.397514548043153670e+00 3.269361124756595127e-01 -2.300517687589374860e-01 1.056725806112749133e+00 -7.174431288276756913e-01
2.528941862760295756e+00 2.239128103448183582e-01 -3.003292178445650662e-01 5.523407463453802180e-01 -9.884681905339913754e-01 -1.412219464946146363e+00 8.087658519822266134e-01 7.040306964271747514e-01 2.044765503030443465e+00 9.182292463493308965e-01
1.181499036202240838e+00 -2.629535673229477788e-01 -1.503695521294760473e+00 7.479205358633303491e-02 -6.992162839018100096e-01 4.645296492619562789e-01 -9.951236737841416546e-02 2.065144920514113969e-01 2.364181214047436919e-01 1.337789828635419509e+00
-6.720752311007179847e-01 -3.577870895230895326e-02 -4.546627205230796553e-01 -1.146199101808137666e+00 1.675617080956805394e+00 1.008027513806151632e+00 7.014251652771685830e-02 7.144960462141796143e-01 -1.975109084586243124e+00 4.711730294410249043e-01
1.840086518988925057e+00 8.595645742227993047e-01 -2.606667512898385830e+00 -7.251111870300137596e-01 -3.558431013839265522e-01 -3.296232813256449123e+00 1.417411179797872345e+00 -9.998582816863688105e-01 -3.148785366777447775e-02 -2.255175834196295526e+00
8.551737455418819689e-01 -7.956130247853347992e-01 -2.060596801432563185e-01 8.692051426302368489e-01 1.625203200127584013e-02 -4.570739311949388872e-01 1.762049279559346981e+00 4.645948611902143144e-01 7.461238977474873302e-01 -4.281335779597154612e-01
1.364601417507029568e+00 -7.206377910076018356e-01 1.004661791202241083e+00 3.663520255432703987e-01 6.960062579736043809e-01 3.301771926667949608e-01 -2.470015683938456275e-01 -9.171322671798114445e-01 -2.173740122589121526e+00 -1.054379193856971986e+00
-3.300115931895114540e-01 2.003306502101772413e+00 -1.014121301560787280e+00 -1.426438558473717699e-01 2.294106113438545147e-01 1.948213013991205056e+00 -3.987423666294755975e-01 -1.259078263993957281e+00 -2.696285635653274948e-01 8.893584110273290433e-01
-4.553665215546181533e-01 -7.960610876008004932e-02 -1.002589286233102728e+00 -8.362487066618256026e-01 -3.743397556648237479e-01 9.029119522432578204e-01 -2.645474371434113348e-01 3.586767464996585275e-01 2.917201437141206277e+00 -1.613732578144704055e+00
1.392643794574105476e+00 1.318217335771540155e-01 -7.509149010765711063e-01 -3.524679591819969704e-01 9.834827821608266296e-02 8.238576100846718431e-01 5.287428765187869306e-01 4.344139451570376564e-02 -4.360281354971137086e-02 8.530244851864251521e-01
4.242620959930025748e-01 7.480278506154890428e-01 -8.702316884992601642e-02 -8.041805655638559758e-01 1.047779943037022488e+00 -1.219134564897493972e-01 -2.437816906131876349e-01 6.414905671781302443e-01 -4.951308629995948007e-01 -6.234270849030387751e-01
8.659336419937552209e-01 -1.504692826080658574e-01 -8.734722953775707621e-01 -1.357911134018081389e+00 -4.957662724447139957e-01 -2.083562484677500048e+00 -8.601353862153312546e-01 -1.345485289736681800e+00 -8.236036787258204095e-01 2.046739403129170132e+00
4.957693545888125497e-01 1.124194416399507457e+00 8.114989823026984572e-01 -1.090439604231883131e+00 7.801796939662063446e-01 -3.889260337069905260e-01 -8.885839526292238499e-01 -5.317096410871752221e-01 -1.126468073509228729e+00 1.020514290036249827e+00
1.103278053913542417e-01 -5.772094930292442222e-02 8.904830847315640119e-01 6.891852856109412784e-01 1.124869907176009320e+00 -4.928602781998109861e-01 1.764444467048751353e+00 8.535686812609223351e-01 1.747831277034825048e-01 8.592452026256356401e-01
-1.146818409310030429e+00 -7.540706999790415255e-01 -1.207651779113481316e+00 -7.047507822436330140e-04 -5.464046324068613236e-01 -1.380548112786435411e+00 4.487908292068048532e-01 1.133619597695014525e+00 2.067582336073641169e+00 1.793766000296121441e-03
-5.210554794727575434e-01 -6.457744070545247128e-01 -9.849959870001679940e-01 -7.441962673559714414e-01 -1.197685756772619466e-02 -2.090619219329414302e-01 2.904741909266633559e+00 6.175831849600738055e-01 -1.055364210135595782e+00 9.913395615361118851e-02
2.127729393762773924e+00 -4.376657201177037160e-01 5.315438749016602321e-02 -1.639681064412927602e+00 -1.427786857345988980e-01 -9.843759471126939387e-01 1.017073222806524624e-01 1.391188332701969177e+00 2.081453501607084977e+00 -4.341437738526391366e-01
-3.246762025735921431e-01 -3.231116855320584902e-01 7.509479194961532489e-01 -4.189511537854598289e-01 -3.369503609740380767e-01 -2.114789839485109901e+00 -2.689061911679886951e-01 -4.021581459778262313e-01 -1.283020314928120520e-01 -6.418293697536084919e-01
1.589460502185050084e+00 -3.230748653240136381e-01 -1.695254549595473226e-01 -1.011137257039165377e-01 -3.920198235619876681e-01 1.894139340821480388e+00 3.332013280602311167e-01 -2.064066028375571626e+00 -2.198023997188443879e+00 -1.998546007048493278e+00
-1.242778282748157492e+00 -9.812202216005527777e-01 1.944688295132788181e-01 -3.590080213402980225e-01 -4.342966366835696590e-01 1.558796229135052336e+00 -8.995798000043822018e-01 8.035766245363399340e-01 1.222158675221075352e+00 -6.776743301069391157e-01
-2.049594557403594530e-01 1.960076431658288154e+00 -1.042323370274599981e+00 -7.558137538882803153e-01 -7.846341719614436938e-01 7.340926611141588287e-01 1.853357970205472272e-01 -7.640655202440345128e-01 -2.997100950473595149e-01 4.161811834924268871e-01
-1.340414641140601937e+00 -1.459161228766651108e+00 3.354200721975578170e-01 -5.202577764108714531e-01 -1.427022417313699609e+00 -2.171981698168174546e+00 -4.084455015154007107e-01 -5.138336999559505180e-01 -1.141516228267742905e+00 1.273797481516313779e+00
-5.801376713666916984e-01 -5.960058946691736415e-01 -1.442618975551700711e+00 1.322655572293713000e+00 -5.751571011158286284e-01 -4.073401609265413503e-01 1.098487008444721802e+00 -3.063195546164117489e-01 1.907998255391649689e-01 2.305834522930037822e-01
1.389546532914433863e+00 -3.250190707814282903e-02 8.382421143429836796e-01 -7.553732696969166494e-01 -6.457752127907707973e-02 5.963512447082156553e-01 3.065074551250709933e-01 -8.385390718665952647e-01 5.382431134297069875e-01 7.989638862951938814e-01
1.356780880487302055e+00 -8.562087936216209449e-01 3.253030672148276015e-01 -1.372983984676751090e-01 -4.368762756434783623e-01 -1.003506074353492705e+00 8.302889773489195990e-01 5.446657921690754023e-01 8.344098433813795790e-01 1.064683258349064854e+00
-2.170545784781680587e-01 -1.784019933373916400e+00 2.710031527820165320e-01 1.210016250918668490e+00 -7.503581984824524431e-01 -4.809542518976552272e-01 -4.460702516686851360e-01 -7.936634851142464475e-01 5.169194444393840904e-01 -3.711744401832662854e-01
-9.305082791053059799e-01 3.154456599259396476e-01 1.414861374435577579e+00 -6.523762698961420581e-01 1.499659184570366399e+00 5.139354849314936580e-01 -2.532982982486680079e-01 -1.410838165498583097e+00 1.361925004907611703e+00 -4.652060888839491537e-01
4.928409728314509519e-01 -2.019866970230718817e+00 2.539966680602152027e-01 1.335871530896050707e+00 -4.377909178707406479e-01 -2.801825907741057210e-03 -4.803799444757799741e-01 -3.489749118925065119e-01 -2.321245542137120033e-01 5.385950964858461365e-01
4.627836177230761350e-01 3.380895094343631668e-01 8.794085589177085271e-01 -1.020781750399389898e+00 -1.319900688375974518e+00 4.711083782774617701e-01 -2.034933536099149176e+00 -1.237347080107727759e+00 1.369535032650761153e+00 1.752876284981182531e+00
-2.510286680006230120e-01 -1.268806614025598467e+00 -1.105569289990645521e+00 1.345803397436869497e+00 1.025752147292617877e+00 1.902050250463549474e+00 -1.061924926788686996e+00 -6.743071864613804645e-02 -1.356028864009035072e-02 -2.398755234359220279e-01
-9.866989416720927109e-01 -3.977022734524268133e-01 1.110037986428006107e+00 -1.340457160954952320e-01 -1.499961290690679239e-01 2.716026953582316161e-01 2.863608310571134630e-01 -5.238991313147248197e-02 -1.329769282478606929e+00 -2.227975709769645984e+00
3.902992181527043525e-01 1.895233102645373924e-01 -1.000865849348941822e-01 1.608975594547009669e-01 -8.364389784301656805e-01 9.036812743206863452e-01 1.130536504912125206e+00 -4.804507472736681550e-01 -1.772007447735143737e+00 -1.062742104577484969e+00
9.812023889845762625e-02 -1.637461089752634824e-01 -5.911687291185779847e-01 -1.416498622124955808e+00 2.782787633527850774e-02 1.307577168626914421e+00 6.228598600559924758e-01 4.361067167998126104e-01 9.702223794211947139e-01 -4.918917557450596667e-01
7.067183621380251912e-01 -7.865992601711503385e-01 1.821983484173856915e+00 -6.810065151183538612e-01 -3.162815194667335517e-01 -3.714736055675845194e-01 -1.816297276505421110e-01 -6.822741944821428262e-02 -7.162341475615938702e-01 -9.969556618363929479e-01
1.057267293333589597e+00 5.711799184960822950e-01 -1.265097061360838659e-01 7.013681068288462050e-01 -1.223148724684779420e+00 1.877616267568650743e+00 6.133623676533451752e-01 -1.582598437619256337e+00 -2.669107370548283731e-01 4.086003865261877421e-01
-1.567743223123219676e-01 1.558625803261059817e+00 2.235794494692106560e-01 3.923628661571524484e-02 1.916167404605215729e-01 -1.056275560451614748e+00 -3.740259264886711676e-01 3.548191978015795001e-01 -1.515911113054505766e+00 7.205682951229758215e-02
3.426256401028847653e-01 -1.747912182789486346e+00 7.719219923410987061e-01 6.064255468166312307e-02 2.255894327417998557e+00 1.601203308805345227e+00 -7.172593625051515431e-01 9.577418166702889035e-01 1.853998404139582723e+00 1.330949893973731424e+00
