3.221815393747730294e+00
9.425935935978296820e-01
-4.645059268349226445e-01
-3.139393966439729677e-01
1.167143098637618559e+00
-1.356879908248337152e+00
-3.438343927088309826e-01
2.059285636040452339e+00
1.773258035971991164e+00
-7.860175506701428949e-01
-3.697892550637350340e+00
3.146413858857530776e-01
-5.037850987343684750e+00
1.976337612485865591e+00
1.938612002333578443e+00
-3.344352585562877511e+00
-1.361872236871506159e+00
2.007179936192278191e+00
-3.017522679901211147e-01
3.274925298331351264e+00
-1.286869211418719461e+00
-4.951629468661187250e-01
-3.397264354069811088e+00
2.811069369768264270e+00
-2.175628941661597260e+00
2.820455223378370846e+00
-2.376336725275275175e+00
2.403694386295404328e+00
2.237494557686944052e+00
1.834787936403741160e+00
1.167335392794346394e+00
3.356153643140900922e+00
1.226288866804967403e+00
-5.247369060063151736e-01
-8.551770484850060861e-01
1.719186526810920101e+00
4.463477613560261403e+00
-2.349130841819284665e-01
1.512332100909108967e-01
-1.114972174025689267e+00
2.872898755528577319e-01
-1.004421924024439861e+00
2.257281094697685120e+00
2.190376805237059354e+00
-2.200049214904925832e-01
-1.870933810993104240e-01
5.281828853733298024e-01
-2.904559785192827537e+00
5.506952455680288239e+00
2.276898004527272423e+00
