1.250429029611998810e-01 -2.831667757459517265e-01 9.172349250383053931e-01 -2.229272032555243421e-01 2.146319026870143976e+00 5.379958568071150360e-01 -1.064590197404722938e+00 5.114623302265448590e-01 -5.493657409847814144e-01 -4.174666285261752208e-01
1.436330512222229405e+00 -3.627247572345066451e-01 -1.864854897038754622e-01 8.146274050986506143e-01 2.682822539809541218e-01 1.411299547716526215e+00 1.249375767258994907e+00 3.162744964712844165e-01 -1.564521075433788821e+00 -7.182784128834249771e-01
-3.505402060707633605e-01 -1.240410844748486507e+00 -4.204801005043584672e-01 -6.428493739114019556e-01 -3.048662226646876583e-01 -1.716578808922921917e+00 8.463006807246935548e-01 -4.200465848756754217e-01 -8.044696856163057186e-01 1.742920650631048840e+00
-2.574236737827763633e-01 -5.414326644011654421e-01 -1.669496599812450854e-01 5.374510675183897801e-01 -7.948610725027844826e-01 -5.200892383579122091e-01 -7.573827318044912271e-01 -7.004423166926737609e-01 -1.191008764300500733e+00 -1.187800102690172110e+00
-1.223193247624443591e+00 -6.829596779289819342e-01 1.304792261918911622e+00 -5.222699706664332142e-01 2.110746645070054939e+00 -8.893211359957945428e-01 1.336659697340218056e+00 2.850094223591696174e+00 4.303537714954455140e-01 -1.370294799616038173e+00
1.953083961742742847e-01 5.346697946725089690e-01 -1.197040196238774667e+00 -2.584016062658985868e-01 2.538668278918447263e-01 3.805013717176731758e-01 -1.521096184159831166e+00 7.964367544207383576e-01 -2.169837362840256745e-01 8.664208828002899210e-02
6.101656686784248107e-01 -1.802504316789182104e+00 1.706442517350607257e+00 -7.053217448802042711e-01 -2.611684295997043215e-01 -1.694807402640876814e+00 1.275869758753465977e+00 2.137955285773052161e-01 3.202507686876431697e-02 4.278986503731330160e-02
-5.678451415860062967e-01 -3.671594730853662281e-01 1.033108464548922606e-01 -1.373508525656197854e+00 8.406823434517564364e-02 1.271793582954330093e+00 1.375432789823688662e+00 -7.435905745357442864e-01 2.554351763938025321e-01 1.374037481469145172e+00
-1.168303053048808937e-01 -2.113112972546744017e-01 1.110911630158269325e+00 9.234375716032300341e-01 -1.528974277467930243e+00 -1.705322089116307005e+00 -1.164846360042111506e+00 6.326445768192808794e-01 -1.567420332277214445e+00 -1.197133644897889981e+00
1.212154173458324324e+00 -1.543898364497706011e+00 8.198627378954359557e-01 -1.160171889645222887e+00 5.954737254546126346e-01 2.174481604352221709e+00 6.825115487688588889e-01 -9.420528896312612144e-01 8.899869809112878616e-02 -6.625466181890573569e-01
6.313366986503899936e-01 5.390386459069533842e-01 7.364007509074377289e-01 5.322170790487955605e-01 1.222412812452765341e+00 -8.164914003329648562e-01 4.110720904851674073e-01 -3.250035720943189599e-01 1.232249190422587182e+00 -1.003946094570146830e+00
5.529482541970441867e-01 -3.453558625108736346e-01 -3.094498059390641820e-01 -5.748248886566064142e-01 2.062144083431577124e-01 4.164778964897751234e-01 -1.299884334830115895e-01 -2.203000227018074852e+00 1.060699797715590753e+00 -6.550070169056462221e-01
-1.435199529631167037e+00 -6.493796771320116124e-01 9.344722469130936071e-01 6.682937526940549988e-01 -9.472109295782131788e-01 6.279371733942089584e-01 1.422241965869772695e+00 2.210932159804190611e-01 2.223146265588174408e+00 -1.339651372956795594e+00
5.086854724884398715e-01 -1.703920094279601921e-02 7.265707248464927659e-01 2.045365086519266434e-02 -8.330346304742135277e-02 -2.402638480407698063e-01 4.824025199577857692e-01 6.585039488946952124e-01 -4.004985749543691353e-01 -2.625669699714648364e-01
-1.193813755130066045e+00 5.140060982311897009e-01 -3.492822335861729410e+00 1.959871480269871902e-01 -7.068493935570605013e-02 4.326980921299733440e-01 4.744334905932503371e-02 2.648216333436208547e-01 -1.041422785568316023e+00 -1.237287989110132269e+00
1.481968754281739020e+00 -1.575931947886951345e+00 -1.183433088679837430e+00 7.366510902703657937e-01 3.072879291348226682e-01 -1.999812515434817028e-01 -9.593781987721664573e-01 7.663237167381155013e-01 -1.948756869390015078e-01 -1.236349186342594386e+00
-1.068876790328559867e+00 -4.268458003721991023e-01 9.866657566831673609e-01 8.632326163642577432e-01 -2.678830896208280743e-01 6.829639018049709076e-01 -9.306013834914208527e-01 -9.828695111884987456e-01 2.053563913526255114e-01 -1.142170872891502542e-01
7.869245843175319832e-01 7.981533533165920957e-01 2.393667050538175634e+00 2.052833878732943096e-02 3.593114626357612473e-01 -1.740724890535236824e-01 1.075331714545109785e+00 1.528028843080935451e+00 -7.922498570418073927e-01 -1.877831655175782322e-01
3.209615085667991696e-01 4.177506359738453190e-01 4.661693944599476502e-01 -1.288374068788336269e+00 1.318656998131123859e-01 -5.518905660412880554e-01 -6.358737064395299232e-02 9.389806924852502068e-02 5.802508846555133326e-01 -1.698631906684618942e-01
-3.436606046776810031e-01 -1.403311459733749711e+00 -1.146893693592819563e+00 -1.082682345998189077e-01 6.917494690705487947e-01 -8.074542321627773411e-01 1.513790142939949179e+00 1.133613738886632971e+00 -4.918653850130649263e-01 1.129561614022822763e-01
8.721697027537479441e-01 -7.517081145893157457e-01 9.061413117948537987e-01 1.757575847731590035e-01 -4.862086526839001777e-02 -9.643794739313349407e-01 9.519094013145825706e-01 1.422714353590880387e+00 -3.509050693678926747e-01 -1.046990712341390878e-01
8.680136214189505817e-02 3.314112080903464097e-01 9.875773779851508838e-01 8.592076624347821934e-01 3.621273765279126589e-01 1.275275472533770049e+00 -6.593483253780318964e-01 9.740674989062224620e-01 2.993819334909861296e-01 8.113641422499930089e-02
5.651243635733548265e-01 -7.067314075556498931e-01 -4.189692827352221871e-02 2.126037467657926894e-01 1.937733482782853511e-01 -4.805166607614689278e-01 1.622525965028280170e+00 2.765647384267035380e-01 -1.231529404817930162e+00 -1.911198357914454249e-01
1.566730614865666782e+00 -7.686516066416430037e-01 -1.616612896740866334e-01 7.044604365678098779e-01 4.672424699365694822e-01 -8.619717046388190029e-01 -2.286966404715023993e-01 -1.111178360432977019e+00 2.006194205457055568e-01 -6.447901379890496054e-01
1.235218732302183764e-01 -5.697622833344597737e-01 -1.741548508117442218e+00 2.616684658895706075e-02 -2.453066122966151008e-01 9.573910058607602025e-01 9.607291148972093575e-01 7.803953009901588578e-01 -8.339021459736116748e-01 2.422881257856072779e+00
-8.494974449731205191e-01 -3.374312680408759757e-01 -1.174722739631342661e+00 -9.716197824888849199e-01 7.454641160449950732e-01 1.259681172886553402e-01 1.835092616651044783e-01 -1.718488994187409857e-01 4.060034094058045939e-01 8.980711797978604971e-02
-8.558406283524896407e-01 7.209476733788402480e-01 4.435194815915728950e-01 1.811605865983966668e+00 -2.031648256573762357e+00 1.867684814619341438e-02 1.402655100063043003e-01 -2.973051106809356803e-01 -1.129611012328420871e+00 1.070751154069879973e+00
1.530949507869880266e+00 -2.127371121274278742e+00 8.863125043295786432e-01 6.227116422229763693e-01 1.017942424338438956e+00 7.748987338994551832e-01 7.581288918578353853e-01 -7.772495993204838749e-01 -1.477973283534654181e+00 -1.253006771537328312e+00
-1.313930659135982948e+00 -1.817614224945713453e+00 -7.025340397953140359e-01 2.077279174797299621e-01 -3.008272285770601240e-01 4.838276230585639714e-01 -4.641185535434411702e-01 9.975815559493049767e-01 -3.209672960437325862e-01 -1.108844494269347614e+00
8.015729758755602008e-01 -6.973893155395884946e-01 -6.438955755999765662e-01 -1.997272876274824860e+00 1.027956291977984105e+00 3.031575608275446365e-01 -6.174901064658726985e-02 1.118670238387392102e+00 7.103358863933271206e-01 5.443407933693950040e-01
-6.187651657204598088e-01 6.354830730630078861e-01 -1.929272236159507714e-01 -3.975516543537425257e-02 -3.909126169865241862e-01 -5.223595992441846247e-01 9.500901443848859262e-01 -6.767259865396234586e-01 -1.145570906094049990e+00 -1.557176814371075801e+00
9.674984834209034990e-01 -1.666190649179383865e+00 -1.609608694641871729e+00 -4.226763607464993355e-01 9.945500604405156375e-01 -9.579286961046964421e-01 1.060232559405643649e+00 -1.303415507337127410e+00 1.068962234259559718e+00 1.194595026524377657e+00
3.672915290884669337e-02 2.245071986567541256e+00 7.121176499320177600e-01 -7.381427720362631062e-01 -4.506649267387384805e-01 -3.250844848055973180e-01 -8.513058118648914041e-01 -4.190904398092683003e-01 1.907396991862430613e-01 2.813151905270444786e+00
1.165035182646849021e+00 -6.353832654490206844e-01 -1.235132865417982506e+00 -4.885604438581925280e-01 -4.185547975949076571e-01 1.532161539049139709e-01 -5.440940156613518486e-01 2.383474150239053568e-01 -4.710025733291693384e-01 -7.935260388838835111e-01
6.503399407925252174e-01 -2.596894769957839855e-01 6.077078505064308356e-01 1.218017550716372632e+00 1.041073833830440609e+00 -7.985323784456985763e-01 -1.229063229554729020e+00 -6.227237059544031839e-01 9.486122598030288788e-01 1.188987242287075502e-01
9.320769296639713763e-01 -4.077875881614355102e-01 -6.617710161349188436e-01 7.624296746871690456e-01 3.713017414333683597e-01 -3.572368627234118743e-01 -4.934587604298200647e-01 -1.198707720539576443e-01 7.966924226824163568e-01 -7.023870098529630956e-01
-4.490334822030842554e-01 8.943807821129577951e-01 1.257871245023572671e-01 -1.332142974036304217e+00 -4.225317956768577243e-01 4.508997415578019918e-01 7.718335435789405174e-01 5.622801481434321902e-01 6.520577441439630306e-02 -2.166324259550743481e+00
-9.412390135837356286e-01 4.373697686257214667e-01 1.896714874538726892e-01 2.396069584768945604e-01 2.025961737357265591e+00 -1.512000511862438445e+00 -6.438330709955855102e-01 8.715929482745233825e-01 5.189113823341846565e-01 -1.214050653281960601e+00
2.051173007681321991e-01 -1.215215962394638582e+00 -2.917941741303574088e-01 7.140849298408155632e-02 -1.092690051900970571e+00 -1.506691032019576548e+00 2.282587628185993367e+00 -3.874998763201392693e-01 5.027468455499609634e-01 -1.236079124411491703e+00
-3.334327966461228532e-01 -5.257057194504290987e-01 4.134592260775836747e-01 5.250595059068249165e-02 9.693791933209332523e-01 -2.727517669879567119e+00 1.786972177386482841e+00 -1.101004697064793314e+00 -1.017685246824501927e-01 -1.860689943087489473e+00
3.957005059118778867e-01 -5.607460110741544490e-01 2.663330009213487948e+00 2.275136960704543299e+00 -3.583985088125060670e-02 2.990692981644983983e-01 1.951075845488876137e+00 6.733726096903684954e-01 -5.082079373319737803e-01 7.470558157942458477e-01
-2.060306476649758356e-01 -8.621580686119160175e-01 9.258121433644332932e-01 8.096184042126044478e-01 1.791730348971657394e+00 -8.242526214198602208e-01 1.187723584650600461e+00 2.156530691694224622e+00 -7.400203313624257317e-01 -2.952403132678683151e-01
5.385071611766701905e-01 -1.625702356936803650e+00 -6.484604436449654952e-02 -1.094497590775380447e+00 -2.899556295382524684e+00 -1.020495142649343157e+00 3.337214788569860952e-02 5.412183031375437103e-01 9.394284857787525977e-01 -1.086641111331025034e+00
7.563750834332192419e-01 -9.242069195139137605e-01 -6.090263883027371428e-01 1.043174850099866102e+00 -6.151022951848069686e-01 -6.331403928996357511e-01 -9.053555156993512432e-01 -6.994519610937337262e-02 2.190499193490469398e-01 7.721302745179480231e-01
-1.253920807307784990e+00 -1.556025521942207224e+00 -9.022091574984371087e-01 -2.032335444236483823e+00 -1.411205538660822434e+00 7.927274732970824855e-01 -9.835348781363839610e-01 -4.481672729204378425e-01 -8.343841727340809422e-01 3.429788290735798495e-01
-3.018421482360612029e-01 -3.427113219937609478e-02 2.077649973394201377e-01 -1.248830558594866025e+00 3.274297576867676168e-02 -8.536660663387132253e-01 -3.180096317010479567e-01 6.842013664441569665e-01 1.515125965231672034e-01 1.146215917866352463e+00
1.337983998430633648e+00 -2.162283616604082082e-01 2.770628556538934362e+00 8.284692458910134505e-01 1.023305764110901350e+00 -3.435110279237472142e-01 -1.189998855257122790e+00 1.630685880206960703e-01 1.036287182178321720e+00 1.467606230344618679e+00
-2.257852410850114677e-01 1.728596531847097717e+00 5.600948188311808407e-01 4.348375614181499982e-01 -1.434248869033864393e+00 -5.173525396388298780e-01 -3.048960609514714259e-01 8.120298699118138064e-01 -3.755652097192616612e-01 -4.633695177431733370e-02
-1.875470448790063083e+00 -1.510669228696648991e+00 -4.513971610968470771e-01 -1.686451828241895545e-01 -4.545989832822507348e-01 7.238090550006684998e-01 2.497814876918127702e-01 -3.030038287427580523e-01 2.235158643574224058e-01 -9.508689273026337263e-01
-4.664045798657372455e-01 -7.836885128906477815e-01 1.742475577825316480e+00 5.065771591548419162e-01 1.231968903807890037e+00 9.092729265818544349e-01 -2.377464614729629944e-01 2.041676513086672973e+00 -4.984372805419126085e-01 -2.084664408529577490e-02
