1.582954095247624204e+00
-2.901456517200454943e+00
-5.269036609386438030e+00
6.022689827896995363e-01
-5.264031088631095479e+00
-5.303895111863869971e+00
3.073508552933846616e+00
1.167440786843078282e+00
-1.614403227497303694e+00
1.393958736958862854e+00
1.709101329363178934e+00
8.956288919550542404e-02
-2.053093570186546479e+00
1.075295995464750520e+00
-1.807371475083332957e+00
1.390859640973932887e+00
5.242676035669711077e+00
-1.714320249030512722e+00
1.306933602369161562e+00
3.487226119296014115e+00
3.696051204908032073e+00
-2.044788585258566771e-02
-2.548284349433707074e+00
8.409224641476901185e-01
5.947279078500110616e-01
-6.020356111395963161e+00
4.078414072040406069e+00
1.541762779459625810e+00
-4.848788769539748578e-01
-3.401549360455056625e+00
-2.316018189871154931e+00
-2.939932792660065353e+00
5.029959559313195605e+00
-8.964030268023560621e-01
-1.576651268181343157e+00
-5.213142157327210313e+00
2.816293805779282788e+00
-3.112421153725231981e+00
-1.896844136233241329e+00
-5.036318771533499827e+00
9.032261545887916299e-01
-2.559606919743207420e+00
-6.079325403861361998e-01
-4.033028760924575629e+00
-9.497532339949414926e-01
2.471683067543969603e+00
-1.639078950210365315e+00
-2.389118202200884444e-01
1.262001480421776067e+00
-1.394785804468539503e+00
