9.463787127691380974e-01
1.631589634644204700e+00
1.139819366946912549e+00
-2.079160214254202277e+00
1.040019333178125560e+00
1.992667166502357867e+00
-2.597230448175892548e+00
4.018773635852924464e+00
2.202634927935210651e+00
-1.560326436080638812e+00
5.259483064082692394e+00
1.728176999442547490e-01
-3.475759337237092517e+00
-1.639571117975055614e+00
3.286492913740242106e+00
6.409255984289132790e-01
-4.756563917366436911e+00
-4.775789518326287730e-01
4.656735492006167654e+00
-2.127701053279563048e+00
9.660638394128130413e-01
-5.615639240647309904e+00
2.026262299679454593e+00
-1.523252663802796836e-01
-8.557961277667751609e-01
2.495345099917998688e+00
-3.182545220527556840e+00
-1.972054002364200143e+00
4.310672879216159714e+00
-5.410570354715841468e+00
3.560442616765345569e+00
-1.467312065279390509e+00
7.925699190073869360e-01
-1.088493958155065888e+00
2.075270097446345330e-01
-1.510488720171569432e-01
2.628459897012742186e+00
2.950791984766884202e+00
2.359580564135385305e+00
-4.001502518382481277e+00
3.178004813325002953e+00
-3.411457876280051815e-01
-5.624130815842132591e+00
-2.775289929434334280e+00
4.998651332300949601e-01
5.196659159235198500e-01
9.985235049019640652e-01
-1.918814553746325036e+00
-4.003641162943719856e+00
1.692897803935234480e+00
