4.500650203490681456e+00
2.186122693173543352e-01
-3.010515158721775553e+00
-7.019882538328187316e+00
5.574824726453960766e-01
5.428365883759539656e+00
1.177204591535656597e+00
-5.807541101875747236e-01
1.467224926852325750e-01
7.218502224488457131e+00
3.492616042097151929e+00
-1.847609638941757060e-01
-3.524299156212119755e+00
5.913239717638505866e+00
-4.430467056540195792e+00
2.322197899607942428e+00
1.286496148630746461e+00
3.226807724268448974e-01
-1.458045894308963364e+00
-6.440908762500279217e+00
-5.109398109740249438e+00
6.889423612831202526e-01
3.903266703895147405e+00
1.148923380776866843e+00
3.575145480451822344e+00
-3.547428316925648417e+00
4.064497281026723030e+00
9.297702727334031803e-01
-3.114524793339972231e+00
-5.930290262979916349e+00
-1.195502388160777807e+00
-1.131922621570729204e+00
5.564860880730175374e+00
2.905533473606589201e+00
3.809009893835114458e+00
-1.938838605473536814e-01
5.475704698445793106e+00
-1.165833077638457116e+00
6.823227196289897156e-01
2.982816197070056408e+00
-1.200476023433602268e+00
2.297360030022965738e+00
3.862313237578190783e+00
5.239152298470753921e-01
-1.503039661659938853e+00
1.506638371110296859e+00
5.038286001067996622e+00
9.883686465650585173e-01
-4.526210135065171336e+00
1.621372938391419660e-01
