6.092187609936819959e-01
8.357737041006377265e-02
-4.389450547432967475e+00
-2.599833027467618241e+00
-2.011356254024398549e+00
5.366750432119967051e+00
1.332691605460235795e+00
-1.165374465517954317e+00
6.284258031712801618e+00
-2.187051825133618621e+00
-3.611760020976349406e+00
-1.669381961072890830e+00
3.010427856876590758e-01
2.226728072702247818e+00
2.522311799498846985e-01
-4.440460847516415122e+00
3.317483244801268327e+00
-7.721923744533446543e-01
-6.218397574872706057e-01
-4.481171618042155913e+00
-7.866156389257691339e-01
-4.118101125348545555e-01
-1.231647417563881408e-01
1.596310784201311617e-01
-2.139263579453481723e-01
-1.735766755405019568e+00
-2.885114196772935902e+00
-4.820632011083744395e+00
-2.524915672441989223e+00
-7.080784766987826551e-01
1.094397996474889778e+00
-1.100712821152327381e+00
-1.219840334963494977e+00
5.754619420506196903e+00
4.841892365320829561e-01
1.152635461419104779e+00
9.629967019439669151e-01
-3.099879817743845134e+00
-2.781074705329846797e+00
-2.745066359672311052e+00
2.628857046013546306e-01
3.724388626820662740e-01
2.901210814456403941e+00
1.287868713388951480e+00
-5.231472953757455580e-01
3.561052701685365474e+00
3.413692183791714907e+00
4.087031593208508617e+00
5.086685635213252787e-01
-5.369678062537198038e+00
