-1.149124744135756826e+00
-1.961640887541588940e+00
3.650833542542109567e-01
2.099612786855023838e+00
-5.666827498164151322e+00
-3.206822043048046744e+00
3.093280790431339078e+00
2.114158371406076320e+00
1.509607834891958378e+00
4.037742676861338365e-01
-2.732007107696598602e+00
-5.556387138915900303e-01
1.279077049193639848e+00
-9.377030083706248131e-01
-2.660224301195138530e+00
-3.089699250300588229e+00
-8.930761105306950220e-01
2.493333596353958015e+00
2.333792919873318716e+00
-3.004390811837753805e+00
1.049152719289580205e+00
-1.445983454778980271e+00
-2.336704795799242618e+00
-4.261758170619498465e+00
1.106642695723619729e+00
2.281296301512934499e-01
1.482862426202772754e+00
-2.667682418996403015e+00
-4.217401665733694571e+00
-9.842033450776619397e-01
1.287788248028028049e+00
-7.272803172839328312e-01
5.391896961770394903e-01
1.375840477009525609e-01
2.560589791649361846e+00
2.317434733352605747e+00
-7.850379592319612909e-01
1.651360532947359294e+00
1.419517033039451537e+00
-9.111556120209718390e-01
-8.261932184215681207e-01
-3.564310231329592682e+00
1.124705648831060056e+00
5.589767182585285710e+00
-2.864517928161589122e+00
-1.453266327850282202e+00
1.689169878670320424e+00
-8.897356329988961310e-01
5.689322889016275031e-01
-4.800064091009650369e-01
