1.563730346781166514e+00
-1.192791583093520069e+00
5.254630803417985163e+00
-3.070286905113814413e+00
4.058349296998120082e+00
-9.447365676050581418e-02
1.873112827096509836e+00
-3.199468976621862470e+00
6.399035406550451555e+00
-4.726047747934966736e+00
6.422568039524365058e-02
3.037901438217573080e+00
2.957747405157306053e-01
2.752740767914941156e+00
4.127844876324495149e-01
3.004211106480782600e+00
5.039950727959267240e+00
3.670882024734821170e-01
-2.607132658380645118e+00
-1.904689309902270367e+00
-6.375928529548716028e+00
-2.827701575857820337e+00
2.894786872402066447e-01
-3.013167907958153702e+00
4.340339828091279273e+00
7.447118117616715605e-01
1.874631877157489246e+00
1.364306862821700994e+00
-6.731368345482424687e-01
1.931600775885276289e-01
2.584671752912447218e+00
-1.677905949786341555e+00
-1.620090738526935858e-01
7.752590201881092158e-01
3.174850214309612007e+00
-1.863302916484294469e+00
-5.453928578905830271e+00
-3.352636628955050768e-01
-1.350604726909385267e+00
7.619966933700587086e-01
2.426826440838083521e+00
-1.719530584148549757e+00
-1.397722822862426106e-01
-4.930667510095526396e+00
1.701103666525129177e-01
-9.299813617183989578e-01
-3.002196329362369021e+00
1.682255374278489590e+00
-5.493646667095327452e+00
-3.033076683166112009e+00
