3.910100560533816827e-01
-4.934139316522235141e+00
-1.971584521109577492e+00
1.251708445353543642e+00
-2.684962198393995095e-02
6.494032498164783451e-01
4.566020085395124717e+00
-3.498539350925849778e+00
-7.110194312724164023e-01
1.916014737143044711e+00
1.495866672882824266e+00
-1.254488693190701776e+00
1.703631400061725198e+00
-4.843434903642497957e+00
-2.298094308805810559e+00
-1.932311306787222627e+00
5.389116880995308279e-01
1.764319236326199691e+00
-2.520525639218941016e+00
1.679502597656292728e-01
3.760566569431446293e+00
-3.305379449708423678e+00
6.343103231455544666e+00
-1.017156665553345496e+00
-2.157392067378395950e+00
3.811919079249343617e-02
4.244183751815548966e+00
1.402288975057225384e-01
-2.124333162397269714e-01
-1.347057900191296564e+00
-4.894698089423091147e+00
1.915741628018664766e+00
-9.038449241171651050e-01
-1.242918377511927686e+00
-2.390539801134499154e+00
2.382176100943757202e+00
-2.618282686548205618e-01
1.666911127302445728e+00
7.983928730966607379e-01
1.236202218690150012e+00
1.358591432560603218e+00
-1.120014658208027258e+00
-4.311200815822754939e-01
1.385655983515722001e-01
-5.624107571152467955e+00
1.028934473537425287e+00
-4.897199518007083974e+00
-6.431072687067508342e-01
1.245903889427507627e+00
-6.397120485466338380e+00
