-3.367055408387705118e+00
9.796432082809853892e-01
-4.366167798399853694e+00
2.475753219007655659e+00
-9.937519171209052704e-01
-3.614069659914127097e+00
-3.427043888775771929e+00
-9.101781881105225125e+00
1.957099390434361985e-01
3.855347644280516128e+00
-4.302432611444378274e+00
1.330646672999606706e+00
5.805630607610768879e-01
-1.887339151094463041e+00
-3.242143335903925117e+00
3.354341793334496558e+00
-7.062641056796512551e-01
7.920692073222547869e+00
-6.947440233444349467e+00
2.478950223789218921e+00
3.602187651838639315e+00
8.149883006911903038e+00
1.554199296071145930e+00
-3.689435572683431808e+00
2.189810914308338852e+00
2.897179635886506510e-01
-7.469143061180708587e-01
4.461151923908740713e+00
-2.107729548585103085e+00
1.169870640959328245e+00
1.127417940261775442e+00
-1.384836161492679407e+00
3.332093487071122073e+00
-3.087902239103645918e+00
-2.634570672038972550e+00
7.094607933387880649e+00
2.894244240281516611e-01
3.284212327044675472e+00
-1.874810571756154731e+00
-2.587069026024763740e+00
5.680461439591204531e+00
2.843892126976025114e+00
-1.135958934620238253e-01
2.024216298326217522e+00
-3.616471094210595094e+00
2.581630084952093895e+00
2.539212899029053894e+00
2.875520755061676592e+00
-3.456299384398099139e+00
2.280186166935018299e+00
