-1.676306787952127619e+00 -1.357443473959030866e+00 -3.305842482796800041e+00 8.166215371532561385e-01 -5.715699513117062924e-01 -1.162824521514173481e+00 -7.358302307662744068e-01 1.984618256365627553e-01 -1.608092343494834653e+00 -5.469018510042121806e-01
1.035844896711887841e+00 -1.720704439334516334e+00 -5.684084391399308878e-01 8.424113527990695349e-01 -1.427549866815337687e+00 1.184786862021622200e+00 5.226256708991764560e-02 -1.295715607562270444e+00 -5.910599142830119668e-01 5.709388705776680811e-02
4.194288562914108009e-01 1.313006144026867217e+00 -9.440552398673794920e-01 8.796032209103120669e-01 -3.396035839519972316e-02 -3.460715054924143885e-01 -1.549312717522980831e+00 -2.003362779724282561e+00 2.529098461552269139e+00 -6.848225230163857979e-01
3.274824064452269701e-01 2.217012838088295301e-01 -2.371171656057353971e-01 5.765034480591880728e-01 1.191613381696754459e-02 1.626901117017245602e+00 -9.096541739569184992e-01 3.833543889522865178e-01 -8.295950570703628513e-01 9.549068412815241436e-01
-8.462526016377206473e-01 9.044901038591008913e-01 -3.165644194040627135e-01 8.196390360528746921e-01 2.698739668216233678e+00 -8.941149082194526088e-01 -1.314140344409822359e-01 -7.691655609017471473e-01 7.484498402934369743e-01 -1.242656073821663432e+00
2.655923697029672681e+00 -2.379486107075552415e-01 -1.389024279679790252e+00 4.210553099576327257e-02 -9.133495232705742817e-01 -7.203977834043898687e-01 1.985106410792473852e+00 9.293984635119727222e-02 2.442613905475675473e+00 2.629624916233525234e+00
3.420348322334644808e-01 -7.808893766039537443e-01 -2.922924470113291706e-01 -5.655072085821843952e-01 3.615963912552311310e-01 1.251754583663194031e+00 1.150028075526777771e+00 4.686532108262347340e-01 -4.652641503683614954e-01 8.729692918842339999e-01
6.383976971350702190e-01 -1.350543131762798277e+00 -8.560165476050148881e-01 3.197587553583149944e-01 -6.909954159458604472e-01 -1.317928985699342304e-01 7.149948658956172265e-01 1.463944161099571151e+00 -3.514345215375281883e-01 -1.790564010286052277e+00
-2.441459673331657587e+00 1.014538007443209100e+00 -1.837080787790700720e+00 -2.913545674841946931e-01 -3.804965721906667514e-02 -1.774945424463600263e+00 -3.650339731675312366e-02 3.800438872783274413e-01 1.276744134611746073e+00 -2.565317887220093795e-01
7.626740369725779622e-01 -4.881622269391894808e-01 7.661988407914661903e-02 3.759789154721755455e-01 -3.756486312544733419e-01 -3.609259199384823869e-01 -7.310990679412604498e-01 9.255207081930166835e-01 1.327391037452019529e-01 5.112468321095800516e-02
1.725934282415511500e+00 2.032718044628339271e+00 -1.267760766435502395e+00 -1.280635233624087599e+00 -1.070050645874808914e+00 4.352892844500977909e-01 -4.147674781945301370e-01 2.259725541309716978e-01 1.040094144353714833e+00 9.628990888306960816e-01
1.236434175903857513e+00 2.612940360302160037e-01 -8.155126361824022174e-01 4.011947803125551215e-01 1.314290327649731138e-01 -1.759399354745411481e-01 1.541617641248037573e+00 -2.765958942670044274e-01 -8.815884591905601697e-01 2.050756175292396954e-01
2.492942033117101844e-02 2.325228804795543169e+00 1.325160273136605227e+00 2.410285025092286371e-01 -2.219785218422262396e+00 -5.646642077653066805e-01 2.148308325596252732e+00 3.827112142177077070e-01 -1.432163892609076949e+00 1.629769380034331028e-01
3.276933774729107629e+00 7.233286919606354837e-02 1.027796552459139923e+00 -1.543247017715324576e+00 -3.779680627969340123e-01 -1.375697180926515717e+00 6.769983103823886683e-01 1.895947811934787897e+00 2.280829506671499196e+00 -8.107273992390939821e-01
-1.100754128395204701e+00 -8.963234743709419527e-01 5.812216421966573954e-01 -2.263534982298833487e-01 -2.605858390923144086e+00 1.445124399349021704e+00 -3.938541419906034236e-01 -1.141179077298785982e+00 5.642084100113189393e-01 1.149622657923325297e+00
1.250954939599465909e+00 -1.336239028281217989e+00 1.234825182359506751e-01 -2.030937132235492548e+00 8.134027620982028361e-01 9.654196470451065215e-01 1.667408317519059047e+00 1.218523733054312386e+00 -5.770764326415245282e-01 2.594147287710539262e-01
7.624124448678883947e-01 -1.718279653995644918e-01 -1.244408309760494769e+00 -2.268236787368275997e-01 -1.031343827344367858e-01 -1.177194336041133438e+00 -4.591850156375644199e-01 4.163271052805149752e-01 -5.146184497993197549e-02 -1.993677866550264133e-01
-1.502965594102166014e+00 7.041178221567911955e-01 -2.055601285401963997e-03 2.489607252806108340e-01 -4.017418401196053979e-01 -8.292598194722529126e-01 -7.019340575685314443e-01 -1.562076998876001654e-01 -9.368114314856489377e-01 -5.943081161817544977e-01
1.184194325730414166e+00 5.514164888748858129e-01 1.880442489131642025e+00 -1.096294960671760466e+00 2.074667068231723921e-01 -3.131241743159524749e+00 -1.747745377716181381e-01 -7.869979138239212579e-01 1.339765599558598863e+00 1.405860386777074145e-01
-1.149070328104469851e+00 1.735794061492514917e-01 1.152969598909436011e-01 1.320020390518668263e+00 3.961817627063157765e-01 -1.644536452493323697e-01 -2.941588367387927283e-01 -1.169909675192504217e-01 -1.942196265694796198e+00 2.247887375862668069e+00
1.520851550027030985e+00 5.532254596054462237e-01 -1.483635588356832402e+00 -6.001885944765886390e-03 -4.867917792714562819e-01 1.124294690726066692e+00 8.306552882243046776e-01 -6.737612172068656591e-01 -1.174884843306037152e-01 2.262685769610298936e-01
-1.926887001331708538e-01 -1.234519147889696855e+00 -3.495385922703983517e-02 -3.140911678698529164e-01 -1.987367141232170842e-01 -1.396851373846477173e+00 1.389225267142458309e+00 1.185639517298870543e-01 1.913211268080391214e+00 1.813917960070269064e+00
1.578858163101875212e+00 7.664948732027904166e-01 -8.710542939870891122e-01 1.167317519738060971e+00 1.248353189729066504e+00 -3.780751924316000379e-01 2.972163948091608443e-01 -5.067945164344244136e-01 1.305986098779258864e+00 -1.148153048716104019e+00
1.224423922951247468e+00 9.769537433672799143e-01 -7.409948650540721937e-01 -1.002819541892514543e+00 2.323928421400647537e-01 2.260195628261334189e-01 -2.638161070564000621e+00 2.264452327781573349e+00 -1.388467780692792808e-01 -3.597328751295864602e-01
-6.661245321310249601e-01 2.686309896828565150e-02 -6.311549059212760195e-03 9.397267971584744028e-01 -1.151176900270851844e+00 3.144159752753168391e-01 -8.135263801112259108e-01 -9.342524889259669063e-01 2.911396138837064052e-01 -1.468184138641036585e-01
-1.749281707442200906e+00 -1.513856619653275670e+00 -1.132203505038809066e+00 -1.265796179072918193e+00 1.279865001764145971e+00 -1.008312345299785043e-02 6.550710357179199139e-01 -1.357731872804976758e+00 5.420313680012672081e-02 1.838263542045974752e-01
6.877811696705499189e-01 1.221772104886126531e+00 1.023791087689208457e+00 1.543181259632375957e+00 -1.250535797519373160e+00 1.549318115662340567e+00 -1.607690680325480903e+00 -6.575796188957013788e-01 1.851257860605995065e+00 8.693085532227761147e-01
4.542208182265551897e-01 4.259222394882961615e-01 3.931417145523393164e-01 2.696683244200986374e-01 8.239226324277306723e-01 5.632742578640427267e-01 1.610940010743472928e-01 -6.194485289323359289e-02 7.446484954435838022e-01 -8.548464164834151946e-01
-1.072408557016710118e+00 -4.948744467474996273e-02 -7.979741016310597512e-01 5.273170080618482247e-01 -7.172030556148892844e-01 -1.601449738028309033e+00 7.996214866000438126e-02 -4.587476623806563403e-02 7.547009806700379908e-01 -4.695449834339593953e-01
1.003226772709756798e+00 -1.276917839869398330e+00 2.224438075439366003e+00 -2.087938079775014319e-02 5.790600833120910229e-01 -5.781110927252024467e-01 6.699944143392236873e-01 -2.249626573723394196e-01 -1.488332324178658905e-01 1.361728886853868836e+00
1.008814553822263704e+00 4.903752192133486454e-01 2.198567476002774024e-01 8.804161134332844085e-01 -1.168071010941137633e+00 6.924278273288364538e-01 4.381700330392210851e-01 7.790744537069798081e-01 5.152481853907998621e-01 4.297919778629737952e-01
-1.202278947743333104e+00 -1.749937403205440223e+00 1.171186483915762633e+00 1.795725446340776799e-01 -2.938189087115221199e+00 1.717742814930170100e-02 -4.724509556547925593e-01 -3.350227973872883791e-02 -2.243457097670950029e-01 -9.204111164685702118e-01
-7.954145409933123523e-02 -2.216854190693828386e+00 -1.962619973442122634e-01 2.487609530866942975e-01 -2.182859365747866320e+00 -6.946292740155745049e-01 3.720357274770662026e-01 -1.605886269435858216e+00 -1.269755505049812827e+00 -1.454210042104199796e-01
-1.266939774678220942e+00 7.599085390107837013e-01 -1.429662870521285711e+00 9.997490605766325977e-01 -6.530358619147078603e-01 1.500327018502652487e+00 5.718206530222011974e-01 6.474793180243365587e-01 -7.645865445718416087e-01 2.164767885493744881e+00
-4.662247695709294537e-01 2.002320986035474704e+00 8.485363863898395809e-02 -1.134367403690524023e+00 -5.710259252041247624e-01 1.418370740632687588e-01 -3.660692016684198857e-01 2.863303162183122308e-01 -6.294509196704437537e-01 1.032904921253178454e+00
7.998784426311719153e-01 -5.399673114934511187e-01 8.390873103763222263e-01 4.930876217774020631e-01 7.687054893097996500e-01 8.622059757603586783e-02 1.420535114243284491e+00 8.758357974001447221e-01 3.018186787441631269e-01 3.032427153398009612e-02
-1.695218459195729777e+00 -3.745549417334005926e-01 -7.185161439472811384e-01 4.899503854104584888e-01 5.505713116560121412e-01 -8.312811446157520878e-01 2.210286033161523445e-01 1.728435378805560418e+00 -1.033359092692285541e+00 -1.301414764892982467e-01
-1.203595232510962676e+00 5.696234020393701192e-01 -5.866700065772459949e-01 -6.738579474902396393e-01 -1.134791351548551708e+00 -5.155728518034300573e-02 -1.451310157818558988e+00 -5.079240782278174882e-01 -3.244690312691645429e-01 2.402990553573747246e+00
-1.520052077591566853e-01 5.915089234676099705e-01 -1.413969804385572626e+00 -2.095629721592818517e-01 1.157767561639210241e+00 5.451891103092135760e-01 -6.553271641151980909e-01 -2.536237269584574738e-01 1.377031708379789166e+00 -6.365824347507921255e-01
4.540970191779450937e-01 1.252428668837278547e+00 5.104593935190907539e-01 -1.034266824719547673e+00 -1.102690203520905632e+00 3.172058959142909362e-01 -2.549716609916628518e-01 -8.040558639758143000e-01 7.282978109564993696e-01 5.775937264167831930e-01
-2.087204142906968318e+00 -1.596191429551176766e+00 -3.677215939706888204e-01 6.980913385684391903e-01 1.866289112824436547e+00 4.355045545726540790e-01 1.220161091959305777e+00 -1.571034288478101670e+00 2.955400856448164304e-01 7.931092739443313944e-01
1.443090259221140315e-01 3.804925767803769843e-02 -6.278680410206757267e-01 1.719820415582326900e+00 -1.427785640513888676e+00 6.648691017607979425e-01 -3.074620838322245642e-01 -1.053152417557409404e+00 1.528272934336822653e+00 6.012903844120531804e-01
-2.791165601239223859e-01 1.756185118594316918e+00 1.294996467067361379e-01 -1.625390757624667060e-01 2.405247944081183586e-01 -3.878390294120771520e-01 -1.061870981768265665e+00 -4.122084138372044126e-01 4.178277353742076983e-01 7.116217114528776699e-01
-1.032741590662454856e+00 6.442618993113230497e-02 -1.738030287160021503e+00 6.797222459679083117e-01 1.059911361382839923e+00 1.053923830268063799e+00 4.868253965459928834e-01 -1.817335963072198801e+00 1.888395401966376008e+00 1.774789580484641416e+00
-1.332195417458837294e+00 -5.565368153857719324e-02 -8.840569719543757143e-01 5.005386232114511502e-01 -3.365576969794889517e-01 -1.406182627115310391e+00 -2.011484705890713431e-02 5.684994245666910029e-01 -7.699449097370179018e-01 1.146358636155683230e+00
-6.521582058273808213e-01 1.152608019098049219e+00 -1.555526691257934191e+00 3.542450628051418970e-01 -1.437317543411328780e+00 1.412596828503410729e+00 -2.393442067359745351e-01 -1.639825965634961413e+00 -2.903221286222824604e-01 1.290974606357563337e+00
1.213004485935625265e+00 -1.337014726334360581e+00 7.728125998162801435e-01 -1.007887297114976821e+00 9.405073065283240386e-01 -2.649633644802717458e-01 -6.478387909842308057e-01 -5.151671787160553434e-02 1.303555585283773521e-01 -1.075854376645627219e+00
-5.976680821041622238e-01 5.845217745786633889e-01 1.244067777716916678e+00 -9.111380521990556369e-01 1.348126894842802959e-01 -3.185022897327416391e-01 -1.344027542728679414e+00 2.331149294349705414e+00 5.853676265045215654e-01 -2.846970315885575697e+00
3.721946416967951143e-01 1.005695449559531607e+00 1.076833185081431443e+00 5.553034529625993088e-01 -5.617310649193947292e-01 1.201919002520654312e+00 4.377042900592909014e-01 -7.783759523713541517e-01 4.910309288556072294e-01 7.761525819588805941e-01
-9.090005942597181310e-01 -1.239778620197996561e+00 -7.319601157544054493e-01 4.343663475945029329e-01 -3.972913477186537645e-01 -2.309872032538655140e-01 1.771445446890700604e+00 -1.481880291197181509e-01 1.039079705948868781e+00 5.169626865226754076e-01
