-4.744552651762615203e-01
1.410373266715110423e-03
1.542510900595486678e+00
4.600969655102456812e+00
8.508881481118875101e+00
-1.822837189644192613e+00
1.587301590832091158e-01
-2.065875487592068627e+00
2.235483311181319266e+00
-2.196758273688517615e+00
8.231715267221364485e-01
-3.373356128975284474e+00
-3.429198861755043737e+00
6.019242259812562779e-02
4.888832377415430308e+00
6.035132167736015907e-01
1.754726326162622696e+00
-5.371940664264742704e-01
2.638811014436029279e+00
-5.342679478908262780e+00
-4.238390685027997318e-01
2.881709498092154487e+00
-3.371489694460330533e+00
4.169290903257992120e+00
-6.807189395741062299e-01
9.222568932097160443e-01
-4.430205731776499234e-01
-7.219594180635157343e+00
1.283340378334592025e+00
3.403658745212916892e-01
-4.991239619581706033e-01
6.134459492717442508e+00
3.830951789523584505e+00
-2.603785905451196925e-01
-4.907777109277613015e+00
-1.100885899473307873e-02
5.053367525975065000e+00
-2.510683565167853848e-01
3.395834771127874241e+00
6.898774480755690552e-01
-9.757781843925593668e-01
-2.106518769176979777e+00
-8.315064520398433856e-02
2.033826802994437966e+00
-1.355496122726535246e-01
-8.037461827360765199e+00
2.221485849253562961e+00
-3.440630862346210961e+00
3.907131930632603112e+00
4.056276429810012907e+00
