-4.010099388698975531e+00
-1.471310654526481132e+00
-2.072088607203227628e+00
2.995201614113168986e+00
9.693095834834765112e-01
1.029250803585529006e+00
1.999988439151073605e-01
-2.500559395047359690e+00
-1.835961104225698026e+00
7.140973948793112314e+00
-2.107641771972792899e+00
-4.360857480597677416e-01
-2.288285500239776837e+00
-3.633847449930019735e+00
-1.038448834406938470e+00
-2.247744110174725307e+00
1.938150010545665491e+00
-1.528767938709850505e+00
3.677056258494030505e+00
-1.733512904723467640e+00
-4.291683346939000887e-01
-3.281272218619755154e+00
1.285673122210409414e+00
2.028938460485368855e-01
8.235884186025544951e-01
9.043877484545277401e-01
-4.952257379120090230e-01
4.612949797535924823e+00
-7.437462908709684128e-02
1.498195335062030287e+00
2.211768049728729535e-01
-2.403430243400043853e+00
-1.080103922255193361e+00
6.134301939033712792e+00
-5.915116271845082263e-01
4.274677977294023101e+00
6.722660857781946886e-01
7.265443964068807325e-01
1.252340898795921031e+00
2.151341094128955689e+00
-1.040919622224322660e+00
3.396837634927166505e+00
1.166338413354820469e+00
3.341275857186558618e-01
-8.559281983549582584e-01
-3.170574598939931654e+00
1.494687189445034203e+00
6.186824715895010707e-01
-1.408206631741932391e+00
-2.204503811231424137e+00
