-2.787919717601762493e+00
5.831717313183535367e-01
-3.343993085443333957e+00
2.832835805574130533e-02
-2.186257857745952826e+00
-1.598603031940483810e+00
-1.103698986591761799e-01
2.141467233955939076e+00
-1.153534548343084637e-02
2.584671960764857168e-01
6.564106772125773981e-01
4.793440914528280139e+00
3.964908080756169184e+00
1.511413482180217871e+00
7.860771836002300006e+00
-3.178020453145534163e-01
1.483778594240546367e+00
5.399608272102378592e+00
-2.503230107230494661e-01
-6.239983812882896608e-01
7.711044026254024741e-01
-1.405687535607414773e+00
8.917685533193714376e-01
4.014853792423317413e-01
-1.576846555013825535e+00
2.280847121195727745e+00
3.355687901572055321e+00
7.131724885782359635e+00
-1.984328631234874241e+00
4.339510445580380682e-01
-5.152271504884190279e+00
-4.323466477652689655e+00
7.035052350804630317e-01
1.496471263377661121e+00
3.208977061817762100e-01
1.655853099233740355e+00
-4.861119342444533697e-01
-5.939341097665512770e+00
3.255459129439045363e+00
-3.129798329785274724e+00
1.844853984529868596e+00
3.263822138173976484e+00
-4.732785965202303657e+00
1.256956187199246011e-01
-1.818378880293420652e+00
1.227139714462438747e+00
-3.352952238695529719e+00
2.236193504413404032e+00
5.408738790070429125e+00
4.673590632156953362e+00
