-4.631038048068558677e-01
-1.445500885623954401e+00
-1.222036004919551666e-01
1.639424347589639508e+00
2.632446077871392287e+00
-1.074451699012130890e+00
-1.695266818817504184e+00
5.068175272077757754e+00
-1.014900442111940915e-01
3.700410613486660782e+00
2.783055436162238383e-01
5.118711955448144835e+00
-1.483797919866470527e-01
-3.576482189946961210e+00
3.819720096275052573e-03
-8.978740014286435978e-01
-5.411605158271667881e-02
-2.101668491840190445e+00
-1.173114861092468875e+00
1.843352169037836275e+00
2.853564295814569607e-01
-1.957958850384172944e+00
2.062302077389175370e+00
4.175197209328065817e+00
3.612757243821036024e+00
-5.497842387194813440e-01
3.407605695996870354e-01
2.051208877883018644e+00
-6.551392084791896941e+00
-5.336428644879670280e+00
-5.980132408892722129e-01
4.692967561550571709e+00
-2.562590141949431466e+00
-4.647701456380514351e+00
-3.082539563643036828e+00
2.092038198538192506e-01
-2.679565362350415647e+00
2.616240057340050829e+00
4.194665482790656874e+00
2.178689207135950490e+00
3.927511923856556120e+00
2.803085642299139479e+00
-1.277974446765817396e+00
2.125088408597672451e+00
2.154645830984925681e+00
4.708881743377604678e+00
1.390952794947483140e+00
-1.421111683464087339e+00
5.017890419842034433e+00
-4.244209055455481661e+00
