2.803718249494804748e+00
-1.482631631105295167e+00
-4.922850002184696372e+00
-1.937515298067829184e+00
-2.193980481702958674e+00
-2.463482420563246844e+00
3.030671921347669606e-01
3.529624557206277879e-01
6.937853605249152400e-01
-2.835960353010503199e-01
4.020899008789859397e-01
5.817324407452912904e-01
1.599007143213736937e+00
1.424758905214455806e+00
-1.522616450604874716e+00
3.763402332277466567e+00
2.222572672419351747e+00
1.757379043936567964e+00
4.010092122803412096e+00
2.436703296452067125e-01
-1.129293811388079050e+00
-1.791335904725393502e-01
-4.008675191787402170e+00
1.896349048545301397e+00
-2.439639113943811832e+00
2.768432057691933679e+00
-7.695377152503075635e+00
-2.586336031608906794e+00
-5.310415801252162810e-02
1.065336807110329076e+00
-3.435848060948283766e+00
6.781770993696252248e-01
3.178022285056037344e+00
-2.934752846431019968e+00
2.587069280178169173e+00
-1.765030553586787843e+00
1.365693501685488753e+00
2.131420345614408518e+00
-2.364627078071822819e+00
5.530608542025269303e-01
-2.296882260859326674e+00
-6.153772155527509113e+00
-1.475964794217352327e-01
-5.373431929140108920e+00
1.891742269816835353e+00
-1.892051849536386054e+00
2.468533603190934844e+00
1.007294315016311836e+00
-3.569313615454217548e+00
-1.879441082282914621e+00
