3.573388821429341888e-01
-1.176982652362980053e+00
4.960575278682023637e+00
1.655991247024046542e+00
8.620639013276322205e-01
4.057134163511385561e-01
3.737719353719350934e+00
8.032717940724025674e-01
2.746482461414728515e+00
-1.798983861881169599e-01
-2.214427724725463342e+00
-5.863026672998886690e-01
-5.406480071753898109e+00
7.074380758145804027e-01
6.291948916621106225e-01
-3.862004855631821498e-01
-2.709007731875181069e+00
6.547583364928711847e-01
2.309350849523099214e+00
2.032490684677312753e+00
1.304724487512616271e+00
-3.986780145443648671e+00
1.935613197061273771e+00
-3.023606510062535890e-01
1.610967482694359298e-01
1.262613066722051203e+00
-2.034386790869262995e+00
2.931708732704357834e-01
-9.843627975567316446e-02
2.709397033385473996e+00
2.184165397375517514e+00
1.002210655587229216e+00
1.212257090538326532e+00
1.899853077283724323e+00
-2.746391268838568767e+00
-2.036881579936737463e+00
1.667764878709759202e+00
1.765037928718398430e-01
1.269893918412451361e+00
3.259867589564396706e+00
-4.565641208685968344e+00
3.786055935935421501e-02
2.926733521119289971e+00
-1.105604025009766733e+00
5.102124985633573750e+00
3.347701478070083336e+00
-2.853953183675459027e+00
-4.401847596781763294e-02
-5.041693650889761402e-01
-1.714726508580123765e+00
