-4.173194979495086776e-01
4.474230605172386799e-01
3.047508171107539354e+00
-1.343863840998480441e+00
-4.190323699574263649e+00
-2.143765063480310928e+00
2.037757226068389382e+00
5.692949333966391912e+00
9.525057265917612481e-01
2.586133190719323238e+00
-4.726581801228993407e-01
-5.290720492375998063e+00
-1.058872789564922201e-01
-3.175219394593141953e+00
-2.248801534381335898e+00
2.732637115497836167e+00
-1.218807303721804791e+00
-1.758532289109138613e+00
-1.709287036011907235e-01
1.793619660464263132e+00
1.124257798675190712e+00
-1.402755599576662293e+00
1.644745920095594061e+00
-4.042498522715781695e-02
1.897947326175124960e+00
-2.323135981132347538e+00
5.039627753453910369e-02
3.051406870377627811e+00
-9.993067029908678789e-01
2.128243113805411202e+00
1.207835463412361143e+00
9.106649901357759536e-01
-2.913673519817719271e+00
2.913821411583656373e-01
3.391490586152213771e-01
-4.661624748752484670e+00
-6.457853861371977144e-01
-2.854445386987026989e+00
1.826226778662665806e+00
1.882005416427799727e+00
2.712193082871880989e+00
-6.881215262136829436e-01
-7.543875036972654824e-01
1.716097174249762158e+00
1.692755034004952863e+00
-3.645000622621791031e+00
-4.620550538514280881e+00
2.147651797914379213e+00
-2.579862185648666095e+00
-5.313065581535130200e-01
