4.761375885570390487e+00
-1.122152597609489044e+00
-1.349971498226621547e+00
1.874170867710130306e+00
4.363726373448629126e+00
-9.739367599139920895e-01
-3.238616821867187578e+00
-5.046439627435469477e-01
5.491804937963460365e-01
2.648500311196477330e+00
3.913569098697421200e+00
-4.444628986468459608e-01
1.177981425203113330e+00
1.472808240766310339e+00
-2.288002010853493307e+00
-8.582987450477197910e+00
-3.472004782409128687e+00
-9.890359333003441444e-02
2.163122166201583152e+00
-2.949161163328081425e+00
-3.502512602193469160e+00
-3.222863506325918337e+00
3.401546695567613465e+00
2.185829841416372155e+00
-3.675403339808240410e+00
-5.945525134868871575e+00
-5.898731875178119033e+00
2.332196018002272719e+00
6.703615873684564797e+00
-3.723261484477843997e+00
1.310862401341182482e+00
-2.318122636623206834e+00
-1.703432878663108108e+00
-5.896414505681809581e-01
3.561545039414814262e+00
2.611171658463539380e+00
-3.180729183250106118e+00
4.373215404310106358e+00
-1.209395481490616708e+00
-6.928073837567264026e-02
2.237783061018411068e+00
-1.741435278692245792e+00
-4.994293591625934781e+00
-2.256635884647439916e+00
5.754245359272380789e-01
2.868636906844411749e-01
-1.959693800696834520e+00
2.786592487538225082e+00
-1.972979806525881896e+00
-2.545617894283771498e+00
