-1.305612060493793303e+00
-6.396613705861312615e-01
-6.638240819009096905e-01
1.683852544317396616e+00
-6.817233360341660164e-01
-1.139297331110594946e+00
-4.601528747422191090e-01
3.140039858801331185e-01
-2.672712543392910534e-01
1.270990482696429780e+00
-1.325302783142607854e+00
7.428145345847159131e-01
4.110774726843411941e-01
-2.898518925934986390e-01
1.029502858539070642e+00
-1.209672352633867742e+00
-1.102945322409350393e+00
-8.526302626810152718e-01
3.476145150579192933e-01
-6.302272153849136638e-02
-7.321916386234054996e-02
-1.062699344284320779e-02
-2.951879624269000413e+00
-8.410756960242869729e-02
-8.482808559039126672e-01
-2.298366687146143228e+00
1.647480708913257930e+00
-1.618454451080788115e+00
-2.528975529664603705e+00
-1.122561626079081165e+00
1.498179328979208469e+00
1.634550592642737055e+00
-7.650610972677071020e-01
7.305221701224253739e-01
-6.150833666139495781e-01
5.678535648504416944e-01
1.246165584859657782e+00
3.319113775281710144e-01
3.120664100136706365e-01
-7.102444470570744572e-01
-5.838987419849012150e-01
2.065051295383795171e-01
-1.092871674517093966e-01
-1.299534572057062798e-01
2.248067310461175694e+00
2.758701746597405080e-01
1.038557148878882730e+00
6.344595975509192964e-01
2.880097861989255326e-01
2.274225534274486316e-01
